20.000000 20.000000 20.000000 20.000000 20.000000 20.000000 20.000000 20.000000 20.000000 20.000000 20.000000 20.000000 60.000000 60.000000 60.000000 60.000000 60.000000 60.000000 60.000000 60.000000 60.000000 60.000000 60.000000 60.000000 5.600000 5.600000 5.600000 5.600000 0.330000 500.000000 700.000000 590.000000
20.000000 20.000000 20.000000 20.000000 20.000000 20.000000 20.000000 20.000000 20.000000 20.000000 20.000000 20.000000 40.000000 40.000000 40.000000 40.000000 40.000000 40.000000 40.000000 40.000000 40.000000 40.000000 40.000000 40.000000 20.000000 20.000000 20.000000 20.000000 0.360000 500.000000 1000.000000 600.000000
20.000000 20.000000 20.000000 20.000000 20.000000 20.000000 20.000000 20.000000 20.000000 20.000000 20.000000 20.000000 60.000000 60.000000 60.000000 60.000000 60.000000 60.000000 60.000000 60.000000 60.000000 60.000000 60.000000 60.000000 6.600000 6.600000 6.600000 6.600000 0.400000 500.000000 800.000000 580.000000
20.000000 20.000000 20.000000 20.000000 20.000000 20.000000 20.000000 20.000000 20.000000 20.000000 20.000000 20.000000 80.000000 80.000000 80.000000 80.000000 80.000000 80.000000 80.000000 80.000000 80.000000 80.000000 80.000000 80.000000 8.200000 8.200000 8.200000 8.200000 0.620000 700.000000 800.000000 605.000000
20.000000 20.000000 20.000000 20.000000 20.000000 20.000000 20.000000 20.000000 20.000000 20.000000 20.000000 20.000000 70.000000 70.000000 70.000000 70.000000 70.000000 70.000000 70.000000 70.000000 70.000000 70.000000 70.000000 70.000000 8.200000 8.200000 8.200000 8.200000 0.680000 700.000000 1200.000000 580.000000
20.000000 20.000000 20.000000 20.000000 20.000000 20.000000 20.000000 20.000000 20.000000 20.000000 20.000000 20.000000 80.000000 80.000000 80.000000 80.000000 80.000000 80.000000 80.000000 80.000000 80.000000 80.000000 80.000000 80.000000 6.600000 6.600000 6.600000 6.600000 0.770000 1200.000000 800.000000 615.000000
20.000000 20.000000 20.000000 20.000000 20.000000 20.000000 20.000000 20.000000 20.000000 20.000000 20.000000 20.000000 80.000000 80.000000 80.000000 80.000000 80.000000 80.000000 80.000000 80.000000 80.000000 80.000000 80.000000 80.000000 5.600000 5.600000 5.600000 5.600000 0.820000 800.000000 800.000000 585.000000
20.000000 20.000000 20.000000 20.000000 20.000000 20.000000 20.000000 20.000000 20.000000 20.000000 20.000000 20.000000 50.000000 50.000000 50.000000 50.000000 50.000000 50.000000 50.000000 50.000000 50.000000 50.000000 50.000000 50.000000 6.600000 6.600000 6.600000 6.600000 0.820000 600.000000 800.000000 585.000000
20.000000 20.000000 20.000000 20.000000 20.000000 20.000000 20.000000 20.000000 20.000000 20.000000 20.000000 20.000000 60.000000 60.000000 60.000000 60.000000 60.000000 60.000000 60.000000 60.000000 60.000000 60.000000 60.000000 60.000000 6.600000 6.600000 6.600000 6.600000 0.820000 600.000000 900.000000 585.000000
20.000000 20.000000 20.000000 20.000000 20.000000 20.000000 20.000000 20.000000 20.000000 20.000000 20.000000 20.000000 40.000000 40.000000 40.000000 40.000000 40.000000 40.000000 40.000000 40.000000 40.000000 40.000000 40.000000 40.000000 8.200000 8.200000 8.200000 8.200000 0.900000 600.000000 700.000000 580.000000
20.000000 20.000000 20.000000 20.000000 20.000000 20.000000 20.000000 20.000000 20.000000 20.000000 20.000000 20.000000 50.000000 50.000000 50.000000 50.000000 50.000000 50.000000 50.000000 50.000000 50.000000 50.000000 50.000000 50.000000 5.600000 5.600000 5.600000 5.600000 0.900000 600.000000 800.000000 580.000000
20.000000 20.000000 20.000000 20.000000 20.000000 20.000000 20.000000 20.000000 20.000000 20.000000 20.000000 20.000000 50.000000 50.000000 50.000000 50.000000 50.000000 50.000000 50.000000 50.000000 50.000000 50.000000 50.000000 50.000000 6.600000 6.600000 6.600000 6.600000 0.900000 600.000000 1000.000000 580.000000
20.000000 20.000000 20.000000 20.000000 20.000000 20.000000 20.000000 20.000000 20.000000 20.000000 20.000000 20.000000 90.000000 90.000000 90.000000 90.000000 90.000000 90.000000 90.000000 90.000000 90.000000 90.000000 90.000000 90.000000 7.500000 7.500000 7.500000 7.500000 1.200000 1600.000000 700.000000 615.000000
20.000000 20.000000 20.000000 20.000000 20.000000 20.000000 20.000000 20.000000 20.000000 20.000000 20.000000 20.000000 60.000000 60.000000 60.000000 60.000000 60.000000 60.000000 60.000000 60.000000 60.000000 60.000000 60.000000 60.000000 10.000000 10.000000 10.000000 10.000000 1.200000 600.000000 1000.000000 585.000000
20.000000 20.000000 20.000000 20.000000 20.000000 20.000000 20.000000 20.000000 20.000000 20.000000 20.000000 20.000000 40.000000 40.000000 40.000000 40.000000 40.000000 40.000000 40.000000 40.000000 40.000000 40.000000 40.000000 40.000000 20.000000 20.000000 20.000000 20.000000 1.800000 500.000000 1120.000000 600.000000
20.000000 20.000000 20.000000 20.000000 20.000000 20.000000 20.000000 20.000000 20.000000 20.000000 20.000000 20.000000 50.000000 50.000000 50.000000 50.000000 50.000000 50.000000 50.000000 50.000000 50.000000 50.000000 50.000000 50.000000 10.000000 10.000000 10.000000 10.000000 1.800000 800.000000 1100.000000 580.000000
20.000000 20.000000 20.000000 20.000000 20.000000 20.000000 20.000000 20.000000 20.000000 20.000000 20.000000 20.000000 50.000000 50.000000 50.000000 50.000000 50.000000 50.000000 50.000000 50.000000 50.000000 50.000000 50.000000 50.000000 10.000000 10.000000 10.000000 10.000000 1.800000 1100.000000 1200.000000 590.000000
20.000000 20.000000 20.000000 20.000000 20.000000 20.000000 20.000000 20.000000 20.000000 20.000000 20.000000 20.000000 140.000000 140.000000 140.000000 140.000000 140.000000 140.000000 140.000000 140.000000 140.000000 140.000000 140.000000 140.000000 14.000000 14.000000 14.000000 14.000000 1.800000 2000.000000 1400.000000 595.000000
20.000000 20.000000 20.000000 20.000000 20.000000 20.000000 20.000000 20.000000 20.000000 20.000000 20.000000 20.000000 80.000000 80.000000 80.000000 80.000000 80.000000 80.000000 80.000000 80.000000 80.000000 80.000000 80.000000 80.000000 10.000000 10.000000 10.000000 10.000000 2.200000 900.000000 1200.000000 595.000000
20.000000 20.000000 20.000000 20.000000 20.000000 20.000000 20.000000 20.000000 20.000000 20.000000 20.000000 20.000000 120.000000 120.000000 120.000000 120.000000 120.000000 120.000000 120.000000 120.000000 120.000000 120.000000 120.000000 120.000000 10.000000 10.000000 10.000000 10.000000 2.200000 1200.000000 1400.000000 580.000000
20.000000 20.000000 20.000000 20.000000 20.000000 20.000000 20.000000 20.000000 20.000000 20.000000 20.000000 20.000000 110.000000 110.000000 110.000000 110.000000 110.000000 110.000000 110.000000 110.000000 110.000000 110.000000 110.000000 110.000000 14.000000 14.000000 14.000000 14.000000 2.200000 1200.000000 1300.000000 580.000000
20.000000 20.000000 20.000000 20.000000 20.000000 20.000000 20.000000 20.000000 20.000000 20.000000 20.000000 20.000000 100.000000 100.000000 100.000000 100.000000 100.000000 100.000000 100.000000 100.000000 100.000000 100.000000 100.000000 100.000000 18.000000 18.000000 18.000000 18.000000 2.200000 1800.000000 1600.000000 570.000000
20.000000 20.000000 20.000000 20.000000 20.000000 20.000000 20.000000 20.000000 20.000000 20.000000 20.000000 20.000000 40.000000 40.000000 40.000000 40.000000 40.000000 40.000000 40.000000 40.000000 40.000000 40.000000 40.000000 40.000000 18.000000 18.000000 18.000000 18.000000 2.200000 1000.000000 900.000000 570.000000
20.000000 20.000000 20.000000 20.000000 20.000000 20.000000 20.000000 20.000000 20.000000 20.000000 20.000000 20.000000 100.000000 100.000000 100.000000 100.000000 100.000000 100.000000 100.000000 100.000000 100.000000 100.000000 100.000000 100.000000 14.000000 14.000000 14.000000 14.000000 3.300000 800.000000 1300.000000 575.000000
20.000000 20.000000 20.000000 20.000000 20.000000 20.000000 20.000000 20.000000 20.000000 20.000000 20.000000 20.000000 90.000000 90.000000 90.000000 90.000000 90.000000 90.000000 90.000000 90.000000 90.000000 90.000000 90.000000 90.000000 20.000000 20.000000 20.000000 20.000000 3.300000 1000.000000 1400.000000 600.000000
20.000000 20.000000 20.000000 20.000000 20.000000 20.000000 20.000000 20.000000 20.000000 20.000000 20.000000 20.000000 120.000000 120.000000 120.000000 120.000000 120.000000 120.000000 120.000000 120.000000 120.000000 120.000000 120.000000 120.000000 15.000000 15.000000 15.000000 15.000000 3.300000 3000.000000 1400.000000 605.000000
20.000000 20.000000 20.000000 20.000000 20.000000 20.000000 20.000000 20.000000 20.000000 20.000000 20.000000 20.000000 90.000000 90.000000 90.000000 90.000000 90.000000 90.000000 90.000000 90.000000 90.000000 90.000000 90.000000 90.000000 20.000000 20.000000 20.000000 20.000000 3.300000 800.000000 1000.000000 600.000000
20.000000 20.000000 20.000000 20.000000 20.000000 20.000000 20.000000 20.000000 20.000000 20.000000 20.000000 20.000000 100.000000 100.000000 100.000000 100.000000 100.000000 100.000000 100.000000 100.000000 100.000000 100.000000 100.000000 100.000000 22.000000 22.000000 22.000000 22.000000 4.700000 900.000000 1300.000000 570.000000
20.000000 20.000000 20.000000 20.000000 20.000000 20.000000 20.000000 20.000000 20.000000 20.000000 20.000000 20.000000 100.000000 100.000000 100.000000 100.000000 100.000000 100.000000 100.000000 100.000000 100.000000 100.000000 100.000000 100.000000 22.000000 22.000000 22.000000 22.000000 4.700000 1600.000000 2000.000000 570.000000
20.000000 20.000000 20.000000 20.000000 20.000000 20.000000 20.000000 20.000000 20.000000 20.000000 20.000000 20.000000 120.000000 120.000000 120.000000 120.000000 120.000000 120.000000 120.000000 120.000000 120.000000 120.000000 120.000000 120.000000 22.000000 22.000000 22.000000 22.000000 4.700000 1600.000000 1800.000000 580.000000
20.000000 20.000000 20.000000 20.000000 20.000000 20.000000 20.000000 20.000000 20.000000 20.000000 20.000000 20.000000 60.000000 60.000000 60.000000 60.000000 60.000000 60.000000 60.000000 60.000000 60.000000 60.000000 60.000000 60.000000 15.000000 15.000000 15.000000 15.000000 4.700000 1200.000000 1000.000000 580.000000
20.000000 20.000000 20.000000 20.000000 20.000000 20.000000 20.000000 20.000000 20.000000 20.000000 20.000000 20.000000 40.000000 40.000000 40.000000 40.000000 40.000000 40.000000 40.000000 40.000000 40.000000 40.000000 40.000000 40.000000 18.000000 18.000000 18.000000 18.000000 4.700000 900.000000 700.000000 570.000000
