73.091400 -0.000158 -0.039951 -0.047571 -24.316000 0.023208 3.091400 39.316000 20.684000 1.000000
75.292200 -0.000246 -0.143889 -0.065281 -39.014000 0.002924 5.292200 54.014000 5.986000 1.000000
72.303300 -0.000269 -0.046939 -0.053270 -12.563000 0.034207 2.303300 27.563000 32.437000 1.000000
71.649000 -0.000271 -0.056074 -0.053547 -15.061000 0.073624 1.649000 30.061000 29.939000 1.000000
74.728900 -0.000202 -0.059652 -0.081676 -25.147000 0.029545 4.728900 40.147000 19.853000 1.000000
70.598200 -0.000214 -0.046116 -0.055954 -37.527000 0.086094 0.598200 52.527000 7.473000 1.000000
72.487400 -0.000252 -0.040085 -0.056983 -21.183000 0.075258 2.487400 36.183000 23.817000 1.000000
73.117300 -0.000187 -0.047815 -0.052589 -27.872000 0.081713 3.117300 42.872000 17.128000 1.000000
72.029200 -0.000167 -0.047645 -0.060957 -25.901000 0.076636 2.029200 40.901000 19.099000 1.000000
75.380200 -0.000584 -0.056482 -0.036548 4.287000 0.075319 5.380200 9.287000 50.713000 1.000000
71.740500 -0.000156 -0.041300 -0.053699 -32.625000 0.081748 1.740500 47.625000 12.375000 1.000000
73.112800 -0.000135 -0.049176 -0.066441 -38.151000 0.072184 3.112800 53.151000 6.849000 1.000000
70.166200 -0.000489 -0.050748 -0.047598 -18.847000 0.111365 0.166200 33.847000 26.153000 1.000000
74.949800 -0.000777 -0.070098 -0.065897 -9.374000 0.092242 4.949800 24.374000 35.626000 1.000000
75.668300 -0.000198 -0.144377 -0.073000 -40.896000 0.102568 5.668300 55.896000 4.104000 1.000000
74.959900 -0.000373 -0.072034 -0.072102 -19.706000 0.102260 4.959900 34.706000 25.294000 1.000000
75.317000 -0.000274 -0.072685 -0.079116 -34.678000 0.093833 5.317000 49.678000 10.322000 1.000000
71.378600 -0.001210 -0.095919 -0.094952 -6.176000 0.093910 1.378600 21.176000 38.824000 1.000000
74.550900 -0.000601 -0.070387 -0.080058 -21.714000 0.104456 4.550900 36.714000 23.286000 1.000000
70.176000 -0.000496 -0.071733 -0.097030 -17.378000 0.094069 0.176000 32.378000 27.622000 1.000000
70.903300 -0.001049 -0.096256 -0.072996 3.217000 0.093384 0.903300 8.217000 51.783000 1.000000
74.578200 -0.000518 -0.125213 -0.073662 -0.019000 0.105294 4.578200 4.981000 55.019000 1.000000
78.268100 -0.000113 -0.125192 -0.033049 -0.116000 0.112683 8.268100 4.884000 55.116000 1.000000
71.583000 -0.000616 -0.096856 -0.066239 1.821000 0.117387 1.583000 6.821000 53.179000 1.000000
78.033900 -0.001063 -0.134623 -0.091776 -0.750000 0.115558 8.033900 15.750000 44.250000 1.000000
73.467000 -0.001189 -0.102227 -0.094013 -13.072000 0.114978 3.467000 28.072000 31.928000 1.000000
75.550200 -0.000621 -0.132843 -0.050124 2.784000 0.115080 5.550200 7.784000 52.216000 1.000000
71.418000 -0.000449 -0.152603 -0.056611 -1.660000 0.136505 1.418000 3.340000 56.660000 1.000000
77.348900 -0.000756 -0.153146 -0.090868 0.384000 0.109921 7.348900 5.384000 54.616000 1.000000
74.805100 -0.001366 -0.150900 -0.088522 1.834000 0.112823 4.805100 6.834000 53.166000 1.000000
77.043300 -0.000486 -0.102780 -0.045191 1.229000 0.123048 7.043300 6.229000 53.771000 1.000000
75.497000 -0.000372 -0.125004 -0.023959 -0.983000 0.121378 5.497000 4.017000 55.983000 1.000000
