0.500000 0.500000 0.500000 0.500000 0.500000 0.500000 0.500000 0.500000 0.500000 0.500000 0.500000 0.500000 0.125000 0.125000 0.125000 0.125000 0.125000 0.125000 0.125000 0.125000 0.125000 0.125000 0.125000 0.125000 0.062857 0.062857 0.062857 0.062857 0.024554 0.051724 0.178571 0.500000
0.500000 0.500000 0.500000 0.500000 0.500000 0.500000 0.500000 0.500000 0.500000 0.500000 0.500000 0.500000 0.000000 0.000000 0.000000 0.000000 0.000000 0.000000 0.000000 0.000000 0.000000 0.000000 0.000000 0.000000 0.885714 0.885714 0.885714 0.885714 0.031250 0.051724 0.285714 0.625000
0.500000 0.500000 0.500000 0.500000 0.500000 0.500000 0.500000 0.500000 0.500000 0.500000 0.500000 0.500000 0.125000 0.125000 0.125000 0.125000 0.125000 0.125000 0.125000 0.125000 0.125000 0.125000 0.125000 0.125000 0.120000 0.120000 0.120000 0.120000 0.040179 0.051724 0.214286 0.375000
0.500000 0.500000 0.500000 0.500000 0.500000 0.500000 0.500000 0.500000 0.500000 0.500000 0.500000 0.500000 0.250000 0.250000 0.250000 0.250000 0.250000 0.250000 0.250000 0.250000 0.250000 0.250000 0.250000 0.250000 0.211429 0.211429 0.211429 0.211429 0.089286 0.086207 0.214286 0.687500
0.500000 0.500000 0.500000 0.500000 0.500000 0.500000 0.500000 0.500000 0.500000 0.500000 0.500000 0.500000 0.187500 0.187500 0.187500 0.187500 0.187500 0.187500 0.187500 0.187500 0.187500 0.187500 0.187500 0.187500 0.211429 0.211429 0.211429 0.211429 0.102679 0.086207 0.357143 0.375000
0.500000 0.500000 0.500000 0.500000 0.500000 0.500000 0.500000 0.500000 0.500000 0.500000 0.500000 0.500000 0.250000 0.250000 0.250000 0.250000 0.250000 0.250000 0.250000 0.250000 0.250000 0.250000 0.250000 0.250000 0.120000 0.120000 0.120000 0.120000 0.122768 0.172414 0.214286 0.812500
0.500000 0.500000 0.500000 0.500000 0.500000 0.500000 0.500000 0.500000 0.500000 0.500000 0.500000 0.500000 0.250000 0.250000 0.250000 0.250000 0.250000 0.250000 0.250000 0.250000 0.250000 0.250000 0.250000 0.250000 0.062857 0.062857 0.062857 0.062857 0.133929 0.103448 0.214286 0.437500
0.500000 0.500000 0.500000 0.500000 0.500000 0.500000 0.500000 0.500000 0.500000 0.500000 0.500000 0.500000 0.062500 0.062500 0.062500 0.062500 0.062500 0.062500 0.062500 0.062500 0.062500 0.062500 0.062500 0.062500 0.120000 0.120000 0.120000 0.120000 0.133929 0.068966 0.214286 0.437500
0.500000 0.500000 0.500000 0.500000 0.500000 0.500000 0.500000 0.500000 0.500000 0.500000 0.500000 0.500000 0.125000 0.125000 0.125000 0.125000 0.125000 0.125000 0.125000 0.125000 0.125000 0.125000 0.125000 0.125000 0.120000 0.120000 0.120000 0.120000 0.133929 0.068966 0.250000 0.437500
0.500000 0.500000 0.500000 0.500000 0.500000 0.500000 0.500000 0.500000 0.500000 0.500000 0.500000 0.500000 0.000000 0.000000 0.000000 0.000000 0.000000 0.000000 0.000000 0.000000 0.000000 0.000000 0.000000 0.000000 0.211429 0.211429 0.211429 0.211429 0.151786 0.068966 0.178571 0.375000
0.500000 0.500000 0.500000 0.500000 0.500000 0.500000 0.500000 0.500000 0.500000 0.500000 0.500000 0.500000 0.062500 0.062500 0.062500 0.062500 0.062500 0.062500 0.062500 0.062500 0.062500 0.062500 0.062500 0.062500 0.062857 0.062857 0.062857 0.062857 0.151786 0.068966 0.214286 0.375000
0.500000 0.500000 0.500000 0.500000 0.500000 0.500000 0.500000 0.500000 0.500000 0.500000 0.500000 0.500000 0.062500 0.062500 0.062500 0.062500 0.062500 0.062500 0.062500 0.062500 0.062500 0.062500 0.062500 0.062500 0.120000 0.120000 0.120000 0.120000 0.151786 0.068966 0.285714 0.375000
0.500000 0.500000 0.500000 0.500000 0.500000 0.500000 0.500000 0.500000 0.500000 0.500000 0.500000 0.500000 0.312500 0.312500 0.312500 0.312500 0.312500 0.312500 0.312500 0.312500 0.312500 0.312500 0.312500 0.312500 0.171429 0.171429 0.171429 0.171429 0.218750 0.241379 0.178571 0.812500
0.500000 0.500000 0.500000 0.500000 0.500000 0.500000 0.500000 0.500000 0.500000 0.500000 0.500000 0.500000 0.125000 0.125000 0.125000 0.125000 0.125000 0.125000 0.125000 0.125000 0.125000 0.125000 0.125000 0.125000 0.314286 0.314286 0.314286 0.314286 0.218750 0.068966 0.285714 0.437500
0.500000 0.500000 0.500000 0.500000 0.500000 0.500000 0.500000 0.500000 0.500000 0.500000 0.500000 0.500000 0.000000 0.000000 0.000000 0.000000 0.000000 0.000000 0.000000 0.000000 0.000000 0.000000 0.000000 0.000000 0.885714 0.885714 0.885714 0.885714 0.352679 0.051724 0.328571 0.625000
0.500000 0.500000 0.500000 0.500000 0.500000 0.500000 0.500000 0.500000 0.500000 0.500000 0.500000 0.500000 0.062500 0.062500 0.062500 0.062500 0.062500 0.062500 0.062500 0.062500 0.062500 0.062500 0.062500 0.062500 0.314286 0.314286 0.314286 0.314286 0.352679 0.103448 0.321429 0.375000
0.500000 0.500000 0.500000 0.500000 0.500000 0.500000 0.500000 0.500000 0.500000 0.500000 0.500000 0.500000 0.062500 0.062500 0.062500 0.062500 0.062500 0.062500 0.062500 0.062500 0.062500 0.062500 0.062500 0.062500 0.314286 0.314286 0.314286 0.314286 0.352679 0.155172 0.357143 0.500000
0.500000 0.500000 0.500000 0.500000 0.500000 0.500000 0.500000 0.500000 0.500000 0.500000 0.500000 0.500000 0.625000 0.625000 0.625000 0.625000 0.625000 0.625000 0.625000 0.625000 0.625000 0.625000 0.625000 0.625000 0.542857 0.542857 0.542857 0.542857 0.352679 0.310345 0.428571 0.562500
0.500000 0.500000 0.500000 0.500000 0.500000 0.500000 0.500000 0.500000 0.500000 0.500000 0.500000 0.500000 0.250000 0.250000 0.250000 0.250000 0.250000 0.250000 0.250000 0.250000 0.250000 0.250000 0.250000 0.250000 0.314286 0.314286 0.314286 0.314286 0.441964 0.120690 0.357143 0.562500
0.500000 0.500000 0.500000 0.500000 0.500000 0.500000 0.500000 0.500000 0.500000 0.500000 0.500000 0.500000 0.500000 0.500000 0.500000 0.500000 0.500000 0.500000 0.500000 0.500000 0.500000 0.500000 0.500000 0.500000 0.314286 0.314286 0.314286 0.314286 0.441964 0.172414 0.428571 0.375000
0.500000 0.500000 0.500000 0.500000 0.500000 0.500000 0.500000 0.500000 0.500000 0.500000 0.500000 0.500000 0.437500 0.437500 0.437500 0.437500 0.437500 0.437500 0.437500 0.437500 0.437500 0.437500 0.437500 0.437500 0.542857 0.542857 0.542857 0.542857 0.441964 0.172414 0.392857 0.375000
0.500000 0.500000 0.500000 0.500000 0.500000 0.500000 0.500000 0.500000 0.500000 0.500000 0.500000 0.500000 0.375000 0.375000 0.375000 0.375000 0.375000 0.375000 0.375000 0.375000 0.375000 0.375000 0.375000 0.375000 0.771429 0.771429 0.771429 0.771429 0.441964 0.275862 0.500000 0.250000
0.500000 0.500000 0.500000 0.500000 0.500000 0.500000 0.500000 0.500000 0.500000 0.500000 0.500000 0.500000 0.000000 0.000000 0.000000 0.000000 0.000000 0.000000 0.000000 0.000000 0.000000 0.000000 0.000000 0.000000 0.771429 0.771429 0.771429 0.771429 0.441964 0.137931 0.250000 0.250000
0.500000 0.500000 0.500000 0.500000 0.500000 0.500000 0.500000 0.500000 0.500000 0.500000 0.500000 0.500000 0.375000 0.375000 0.375000 0.375000 0.375000 0.375000 0.375000 0.375000 0.375000 0.375000 0.375000 0.375000 0.542857 0.542857 0.542857 0.542857 0.687500 0.103448 0.392857 0.312500
0.500000 0.500000 0.500000 0.500000 0.500000 0.500000 0.500000 0.500000 0.500000 0.500000 0.500000 0.500000 0.312500 0.312500 0.312500 0.312500 0.312500 0.312500 0.312500 0.312500 0.312500 0.312500 0.312500 0.312500 0.885714 0.885714 0.885714 0.885714 0.687500 0.137931 0.428571 0.625000
0.500000 0.500000 0.500000 0.500000 0.500000 0.500000 0.500000 0.500000 0.500000 0.500000 0.500000 0.500000 0.500000 0.500000 0.500000 0.500000 0.500000 0.500000 0.500000 0.500000 0.500000 0.500000 0.500000 0.500000 0.600000 0.600000 0.600000 0.600000 0.687500 0.482759 0.428571 0.687500
0.500000 0.500000 0.500000 0.500000 0.500000 0.500000 0.500000 0.500000 0.500000 0.500000 0.500000 0.500000 0.312500 0.312500 0.312500 0.312500 0.312500 0.312500 0.312500 0.312500 0.312500 0.312500 0.312500 0.312500 0.885714 0.885714 0.885714 0.885714 0.687500 0.103448 0.285714 0.625000
0.500000 0.500000 0.500000 0.500000 0.500000 0.500000 0.500000 0.500000 0.500000 0.500000 0.500000 0.500000 0.375000 0.375000 0.375000 0.375000 0.375000 0.375000 0.375000 0.375000 0.375000 0.375000 0.375000 0.375000 1.000000 1.000000 1.000000 1.000000 1.000000 0.120690 0.392857 0.250000
0.500000 0.500000 0.500000 0.500000 0.500000 0.500000 0.500000 0.500000 0.500000 0.500000 0.500000 0.500000 0.375000 0.375000 0.375000 0.375000 0.375000 0.375000 0.375000 0.375000 0.375000 0.375000 0.375000 0.375000 1.000000 1.000000 1.000000 1.000000 1.000000 0.241379 0.642857 0.250000
0.500000 0.500000 0.500000 0.500000 0.500000 0.500000 0.500000 0.500000 0.500000 0.500000 0.500000 0.500000 0.500000 0.500000 0.500000 0.500000 0.500000 0.500000 0.500000 0.500000 0.500000 0.500000 0.500000 0.500000 1.000000 1.000000 1.000000 1.000000 1.000000 0.241379 0.571429 0.375000
0.500000 0.500000 0.500000 0.500000 0.500000 0.500000 0.500000 0.500000 0.500000 0.500000 0.500000 0.500000 0.125000 0.125000 0.125000 0.125000 0.125000 0.125000 0.125000 0.125000 0.125000 0.125000 0.125000 0.125000 0.600000 0.600000 0.600000 0.600000 1.000000 0.172414 0.285714 0.375000
0.500000 0.500000 0.500000 0.500000 0.500000 0.500000 0.500000 0.500000 0.500000 0.500000 0.500000 0.500000 0.000000 0.000000 0.000000 0.000000 0.000000 0.000000 0.000000 0.000000 0.000000 0.000000 0.000000 0.000000 0.771429 0.771429 0.771429 0.771429 1.000000 0.120690 0.178571 0.250000
