0.5 0.5 0.5 0.5 0.5 0.5 0.5 0.5 0.5 0.5 0.5 0.5 0.125 0.125 0.125 0.125 0.125 0.125 0.125 0.125 0.125 0.125 0.125 0.125 0.06285714285714283 0.06285714285714283 0.06285714285714283 0.06285714285714283 0.024553571428571428 0.05172413793103448 0.17857142857142858 0.5
0.5 0.5 0.5 0.5 0.5 0.5 0.5 0.5 0.5 0.5 0.5 0.5 0.0 0.0 0.0 0.0 0.0 0.0 0.0 0.0 0.0 0.0 0.0 0.0 0.8857142857142857 0.8857142857142857 0.8857142857142857 0.8857142857142857 0.031249999999999993 0.05172413793103448 0.2857142857142857 0.625
0.5 0.5 0.5 0.5 0.5 0.5 0.5 0.5 0.5 0.5 0.5 0.5 0.125 0.125 0.125 0.125 0.125 0.125 0.125 0.125 0.125 0.125 0.125 0.125 0.11999999999999998 0.11999999999999998 0.11999999999999998 0.11999999999999998 0.04017857142857143 0.05172413793103448 0.21428571428571427 0.375
0.5 0.5 0.5 0.5 0.5 0.5 0.5 0.5 0.5 0.5 0.5 0.5 0.25 0.25 0.25 0.25 0.25 0.25 0.25 0.25 0.25 0.25 0.25 0.25 0.21142857142857138 0.21142857142857138 0.21142857142857138 0.21142857142857138 0.08928571428571429 0.08620689655172414 0.21428571428571427 0.6875
0.5 0.5 0.5 0.5 0.5 0.5 0.5 0.5 0.5 0.5 0.5 0.5 0.1875 0.1875 0.1875 0.1875 0.1875 0.1875 0.1875 0.1875 0.1875 0.1875 0.1875 0.1875 0.21142857142857138 0.21142857142857138 0.21142857142857138 0.21142857142857138 0.10267857142857144 0.08620689655172414 0.35714285714285715 0.375
0.5 0.5 0.5 0.5 0.5 0.5 0.5 0.5 0.5 0.5 0.5 0.5 0.25 0.25 0.25 0.25 0.25 0.25 0.25 0.25 0.25 0.25 0.25 0.25 0.11999999999999998 0.11999999999999998 0.11999999999999998 0.11999999999999998 0.12276785714285714 0.1724137931034483 0.21428571428571427 0.8125
0.5 0.5 0.5 0.5 0.5 0.5 0.5 0.5 0.5 0.5 0.5 0.5 0.25 0.25 0.25 0.25 0.25 0.25 0.25 0.25 0.25 0.25 0.25 0.25 0.06285714285714283 0.06285714285714283 0.06285714285714283 0.06285714285714283 0.13392857142857142 0.10344827586206896 0.21428571428571427 0.4375
0.5 0.5 0.5 0.5 0.5 0.5 0.5 0.5 0.5 0.5 0.5 0.5 0.0625 0.0625 0.0625 0.0625 0.0625 0.0625 0.0625 0.0625 0.0625 0.0625 0.0625 0.0625 0.11999999999999998 0.11999999999999998 0.11999999999999998 0.11999999999999998 0.13392857142857142 0.06896551724137931 0.21428571428571427 0.4375
0.5 0.5 0.5 0.5 0.5 0.5 0.5 0.5 0.5 0.5 0.5 0.5 0.125 0.125 0.125 0.125 0.125 0.125 0.125 0.125 0.125 0.125 0.125 0.125 0.11999999999999998 0.11999999999999998 0.11999999999999998 0.11999999999999998 0.13392857142857142 0.06896551724137931 0.25 0.4375
0.5 0.5 0.5 0.5 0.5 0.5 0.5 0.5 0.5 0.5 0.5 0.5 0.0 0.0 0.0 0.0 0.0 0.0 0.0 0.0 0.0 0.0 0.0 0.0 0.21142857142857138 0.21142857142857138 0.21142857142857138 0.21142857142857138 0.15178571428571427 0.06896551724137931 0.17857142857142858 0.375
0.5 0.5 0.5 0.5 0.5 0.5 0.5 0.5 0.5 0.5 0.5 0.5 0.0625 0.0625 0.0625 0.0625 0.0625 0.0625 0.0625 0.0625 0.0625 0.0625 0.0625 0.0625 0.06285714285714283 0.06285714285714283 0.06285714285714283 0.06285714285714283 0.15178571428571427 0.06896551724137931 0.21428571428571427 0.375
0.5 0.5 0.5 0.5 0.5 0.5 0.5 0.5 0.5 0.5 0.5 0.5 0.0625 0.0625 0.0625 0.0625 0.0625 0.0625 0.0625 0.0625 0.0625 0.0625 0.0625 0.0625 0.11999999999999998 0.11999999999999998 0.11999999999999998 0.11999999999999998 0.15178571428571427 0.06896551724137931 0.2857142857142857 0.375
0.5 0.5 0.5 0.5 0.5 0.5 0.5 0.5 0.5 0.5 0.5 0.5 0.3125 0.3125 0.3125 0.3125 0.3125 0.3125 0.3125 0.3125 0.3125 0.3125 0.3125 0.3125 0.17142857142857143 0.17142857142857143 0.17142857142857143 0.17142857142857143 0.21874999999999997 0.2413793103448276 0.17857142857142858 0.8125
0.5 0.5 0.5 0.5 0.5 0.5 0.5 0.5 0.5 0.5 0.5 0.5 0.125 0.125 0.125 0.125 0.125 0.125 0.125 0.125 0.125 0.125 0.125 0.125 0.3142857142857143 0.3142857142857143 0.3142857142857143 0.3142857142857143 0.21874999999999997 0.06896551724137931 0.2857142857142857 0.4375
0.5 0.5 0.5 0.5 0.5 0.5 0.5 0.5 0.5 0.5 0.5 0.5 0.0 0.0 0.0 0.0 0.0 0.0 0.0 0.0 0.0 0.0 0.0 0.0 0.8857142857142857 0.8857142857142857 0.8857142857142857 0.8857142857142857 0.3526785714285714 0.05172413793103448 0.32857142857142857 0.625
0.5 0.5 0.5 0.5 0.5 0.5 0.5 0.5 0.5 0.5 0.5 0.5 0.0625 0.0625 0.0625 0.0625 0.0625 0.0625 0.0625 0.0625 0.0625 0.0625 0.0625 0.0625 0.3142857142857143 0.3142857142857143 0.3142857142857143 0.3142857142857143 0.3526785714285714 0.10344827586206896 0.32142857142857145 0.375
0.5 0.5 0.5 0.5 0.5 0.5 0.5 0.5 0.5 0.5 0.5 0.5 0.0625 0.0625 0.0625 0.0625 0.0625 0.0625 0.0625 0.0625 0.0625 0.0625 0.0625 0.0625 0.3142857142857143 0.3142857142857143 0.3142857142857143 0.3142857142857143 0.3526785714285714 0.15517241379310345 0.35714285714285715 0.5
0.5 0.5 0.5 0.5 0.5 0.5 0.5 0.5 0.5 0.5 0.5 0.5 0.625 0.625 0.625 0.625 0.625 0.625 0.625 0.625 0.625 0.625 0.625 0.625 0.5428571428571428 0.5428571428571428 0.5428571428571428 0.5428571428571428 0.3526785714285714 0.3103448275862069 0.42857142857142855 0.5625
0.5 0.5 0.5 0.5 0.5 0.5 0.5 0.5 0.5 0.5 0.5 0.5 0.25 0.25 0.25 0.25 0.25 0.25 0.25 0.25 0.25 0.25 0.25 0.25 0.3142857142857143 0.3142857142857143 0.3142857142857143 0.3142857142857143 0.4419642857142857 0.1206896551724138 0.35714285714285715 0.5625
0.5 0.5 0.5 0.5 0.5 0.5 0.5 0.5 0.5 0.5 0.5 0.5 0.5 0.5 0.5 0.5 0.5 0.5 0.5 0.5 0.5 0.5 0.5 0.5 0.3142857142857143 0.3142857142857143 0.3142857142857143 0.3142857142857143 0.4419642857142857 0.1724137931034483 0.42857142857142855 0.375
0.5 0.5 0.5 0.5 0.5 0.5 0.5 0.5 0.5 0.5 0.5 0.5 0.4375 0.4375 0.4375 0.4375 0.4375 0.4375 0.4375 0.4375 0.4375 0.4375 0.4375 0.4375 0.5428571428571428 0.5428571428571428 0.5428571428571428 0.5428571428571428 0.4419642857142857 0.1724137931034483 0.39285714285714285 0.375
0.5 0.5 0.5 0.5 0.5 0.5 0.5 0.5 0.5 0.5 0.5 0.5 0.375 0.375 0.375 0.375 0.375 0.375 0.375 0.375 0.375 0.375 0.375 0.375 0.7714285714285715 0.7714285714285715 0.7714285714285715 0.7714285714285715 0.4419642857142857 0.27586206896551724 0.5 0.25
0.5 0.5 0.5 0.5 0.5 0.5 0.5 0.5 0.5 0.5 0.5 0.5 0.0 0.0 0.0 0.0 0.0 0.0 0.0 0.0 0.0 0.0 0.0 0.0 0.7714285714285715 0.7714285714285715 0.7714285714285715 0.7714285714285715 0.4419642857142857 0.13793103448275862 0.25 0.25
0.5 0.5 0.5 0.5 0.5 0.5 0.5 0.5 0.5 0.5 0.5 0.5 0.375 0.375 0.375 0.375 0.375 0.375 0.375 0.375 0.375 0.375 0.375 0.375 0.5428571428571428 0.5428571428571428 0.5428571428571428 0.5428571428571428 0.6874999999999999 0.10344827586206896 0.39285714285714285 0.3125
0.5 0.5 0.5 0.5 0.5 0.5 0.5 0.5 0.5 0.5 0.5 0.5 0.3125 0.3125 0.3125 0.3125 0.3125 0.3125 0.3125 0.3125 0.3125 0.3125 0.3125 0.3125 0.8857142857142857 0.8857142857142857 0.8857142857142857 0.8857142857142857 0.6874999999999999 0.13793103448275862 0.42857142857142855 0.625
0.5 0.5 0.5 0.5 0.5 0.5 0.5 0.5 0.5 0.5 0.5 0.5 0.5 0.5 0.5 0.5 0.5 0.5 0.5 0.5 0.5 0.5 0.5 0.5 0.6 0.6 0.6 0.6 0.6874999999999999 0.4827586206896552 0.42857142857142855 0.6875
0.5 0.5 0.5 0.5 0.5 0.5 0.5 0.5 0.5 0.5 0.5 0.5 0.3125 0.3125 0.3125 0.3125 0.3125 0.3125 0.3125 0.3125 0.3125 0.3125 0.3125 0.3125 0.8857142857142857 0.8857142857142857 0.8857142857142857 0.8857142857142857 0.6874999999999999 0.10344827586206896 0.2857142857142857 0.625
0.5 0.5 0.5 0.5 0.5 0.5 0.5 0.5 0.5 0.5 0.5 0.5 0.375 0.375 0.375 0.375 0.375 0.375 0.375 0.375 0.375 0.375 0.375 0.375 1.0 1.0 1.0 1.0 1.0 0.1206896551724138 0.39285714285714285 0.25
0.5 0.5 0.5 0.5 0.5 0.5 0.5 0.5 0.5 0.5 0.5 0.5 0.375 0.375 0.375 0.375 0.375 0.375 0.375 0.375 0.375 0.375 0.375 0.375 1.0 1.0 1.0 1.0 1.0 0.2413793103448276 0.6428571428571429 0.25
0.5 0.5 0.5 0.5 0.5 0.5 0.5 0.5 0.5 0.5 0.5 0.5 0.5 0.5 0.5 0.5 0.5 0.5 0.5 0.5 0.5 0.5 0.5 0.5 1.0 1.0 1.0 1.0 1.0 0.2413793103448276 0.5714285714285714 0.375
0.5 0.5 0.5 0.5 0.5 0.5 0.5 0.5 0.5 0.5 0.5 0.5 0.125 0.125 0.125 0.125 0.125 0.125 0.125 0.125 0.125 0.125 0.125 0.125 0.6 0.6 0.6 0.6 1.0 0.1724137931034483 0.2857142857142857 0.375
0.5 0.5 0.5 0.5 0.5 0.5 0.5 0.5 0.5 0.5 0.5 0.5 0.0 0.0 0.0 0.0 0.0 0.0 0.0 0.0 0.0 0.0 0.0 0.0 0.7714285714285715 0.7714285714285715 0.7714285714285715 0.7714285714285715 1.0 0.1206896551724138 0.17857142857142858 0.25
