0
1.4825530872477042
1.4861056407401652
1.4861121146765026
1.4980267600909645
1.4981289070493191
1.4981612295582076
1.4981620853934337
1.4981620857489233
1.5978970489484616
1.5989896881902246
1.6004238878893713
1.6004870324282574
1.6006630237801005
1.6006705636215433
1.6006705636215433
1.6006705636215433
1.6027230274186521
1.6421246978408408
1.642280027434922
1.6530741589148812
1.6532055317101322
1.6532772880400664
1.6536197511660922
1.6536197511660922
1.6536912966500439
1.6538739619643
1.6539722587047958
1.6539722587047958
1.6539722587047958
1.6539727012073302
1.6539911337742161
1.6545112068042784
1.6545112068042784
1.654918885877449
1.654918885877449
1.6572732074042402
1.667741971067716
1.667741971067716
1.667844578036518
1.667844578036518
1.667844578036518
1.6761929580103152
1.6763501107293477
1.676373386451466
1.676373386451466
1.6822412368827078
1.6822412368827078
1.6822469839507117
1.6822469839507117
1.6822469839507117
1.6822469839507117
1.682247004734529
1.6825411720874963
1.6829515280108964
1.6829515290220318
1.6829605593953967
1.682960567713046
1.6829658591179648
1.6829658628630924
1.6917958574327516
1.6917958574327516
1.6918461167923775
1.6918474794547842
1.6958004634149015
1.695800468655543
1.695800468894002
1.6958085235866451
1.6958085235866451
1.7108539257547237
1.7108539257547237
1.7108539670390384
1.7108539670390384
1.7108539670390384
1.7108663558452937
1.7116535547473248
1.7116535547473248
1.7116541576153514
1.7116541576153514
1.7129190403634873
1.7129190403634873
1.7129190403634873
1.7129656595420681
1.712983914920626
1.712983914920626
1.7130060056130267
1.7130060073664137
1.7130060073664137
1.7130060073664137
1.713798856107394
1.7137988561157758
1.7137988561157758
1.713798861524234
1.713798861524234
1.713798861524234
1.7137988616864437
1.7137988616864437
1.7137988616864437
1.7137988616864437
1.7137988616864437
1.7137988616864437
1.7137988616864437
1.7142503260616897
1.7142503260618522
1.7142505214940007
1.7142506969421327
1.7142506969421327
1.7142506969421327
1.7144261327393362
1.7144261327393362
1.7144261327393362
1.7144261327393728
1.71446271215289
1.71446271215289
1.71446271215289
1.71446271215289
1.71446271215289
1.7144627151745748
1.7144993694673376
1.7144993694673376
1.7144993694673376
1.7144999443419295
1.714499968772786
1.714499968772786
1.714499968772786
1.714499968772786
1.7145000130001908
1.7145000130001908
1.7145000130001908
1.7145003808392398
1.7145003808392398
1.7145123740041797
1.7145123740041797
1.7145123740041797
1.7145123740041797
1.7145123740041797
1.7145123740041797
1.7145123740041797
1.7145123740041797
1.71451237423106
1.71451237423106
1.71451237423106
1.71451237423106
1.71451237423106
1.71451237423106
1.71451237423106
1.71451237423106
1.71451237423106
1.71451237423106
1.71451237423106
1.71451237423106
1.7145563002514619
1.7145563002514619
1.7145563002514619
1.7145563002514619
1.7145564673801503
1.7150358674540993
1.7150358674540993
1.7150358674540993
1.7150358674540993
1.7150358674540993
1.7150358674540993
1.7150358674540993
1.7150358674540993
1.7150358674540993
1.7150358674540993
1.7150358674540993
1.7150358674540993
1.7150358674540993
1.7150358674540993
1.7150358674540993
1.7150358674540993
1.7150358674540993
1.7150358674540993
1.7150358674540993
1.7150358674540993
1.7150358674540993
1.7150358674540993
1.7150358674540993
1.7150358674540993
1.7150358674540993
1.7150358674540993
1.7150358674540993
1.7150358674540993
1.7150362597921869
1.7150362597921869
1.7150362597921869
1.7150362597921869
1.7150362597921869
1.7150362597921869
1.7150362597921869
1.7151188729043993
1.7151188729043993
1.7151188729043993
1.7151188735955643
1.7151188735955643
1.7151189063480587
1.7151189063480587
1.7151189063480587
1.7151189063480587
1.7151189063480587
1.7151189063480587
1.7151189063480587
1.7151189063480587
1.7151189063480587
1.7151189063480587
1.7151189063480587
1.7151189063480587
1.7152404338835177
1.7152404338835177
1.7152404338835177
1.7152404338835177
1.7152404338835177
1.7152404338835177
1.7152404338835177
1.7152404338835177
1.7152404338835177
1.7152404338835177
1.7152404338835177
1.7152404338835177
1.7152404338835177
1.7152448448583346
1.7152448448583346
1.7152448448583346
1.7152448448583346
1.7152448448583346
1.7152448448583346
1.7152448448583346
1.7152448448583346
1.7152448448583346
1.7152448448583346
1.7152448448583346
1.7152448448583346
1.7152448448583346
1.7152448448583346
1.7152448448583346
1.7152448448583346
1.7152448448583346
1.7152868057308746
1.7152868057308746
1.7152868057308746
1.7152868199397826
1.7152868199397826
1.7152868199397826
1.7152868199397826
1.7152868199397826
1.7152868199397826
1.724750041560178
1.724750041560178
1.724750041560178
1.724750041560178
1.724750041560178
1.724750041560178
1.724750041560178
1.724750041560178
1.724750041560178
1.724750041560178
1.7247500507210995
1.7247777288865165
1.7247777288865165
1.7247777288865165
1.7247777288865165
1.7247777288865165
1.7247777288865165
1.7247777288865165
1.7247777491637788
1.7247777491637788
1.7247777491637788
1.7247777491637788
1.7247777491658196
1.7248130670259032
1.7248130670259032
1.7248130670259032
1.7248130670259032
1.7248130670259032
1.7248130670259032
1.7248130670259032
1.7248130670259032
1.7248130670259032
1.7248130670259032
1.7248200379347858
1.7248200379347858
1.7248200379347858
1.7248200379347858
1.7248209948883289
1.7248209948883289
1.7248209948883289
1.7248209948883289
1.7248209948883289
1.7248209948883289
1.7248209948883289
1.7248209948883289
1.7248209948883289
1.7248264293177578
1.7248264293177578
1.725117685364081
1.725117685364081
1.725117685364081
1.725117685364081
1.725117685364081
1.725117685364081
1.725117685364081
1.725117685364081
1.725117685364081
1.725117685364081
1.725117685364081
1.725117685364081
1.725117685364081
1.725117686865294
1.7251176868965694
1.7251176868965694
1.7251176868965694
1.7251176868965694
1.7251176868965694
1.7251176868965694
1.7251176868965694
1.7251176868965694
1.7251176868965694
1.7251176868965694
1.7251176868965694
1.7251176868965694
1.7251177035410816
1.7251177035410816
1.7251177035410816
1.7251177035410816
1.7251177035410816
1.7251177035410816
1.7251177035410816
1.7251177035410816
1.7251177035410816
1.7251500363730643
1.7251500363730643
1.7251500428400464
1.7251500428400464
1.7251500428400464
1.7251500428400464
1.7251500428400464
1.7251500428400464
1.7251500428400464
1.7251500428400464
1.7251500428400464
1.7251500428400464
1.7251500428400464
1.7251500428400464
1.7251500428400464
1.7251500428400464
1.7251500428400464
1.7251500428400464
1.7251500519103355
1.7251500519103355
1.7251500519103355
1.7251500519103355
1.7254475899131572
1.7254475899131572
1.7254475899131572
1.7254475899131572
1.7254475899131572
1.7254475899131572
1.7254475899131572
1.7254475899131572
1.7254475899131572
1.7254475899131572
1.7254475899131572
1.7254475899131572
1.7254475899131572
1.7254475899131572
1.7254475899131572
1.7254475899131572
1.7254475899131572
1.7254475899131572
1.7254475899131572
1.7254475899131572
1.7254475899131572
1.7254475899131572
1.7254475899131572
1.7254475899131572
1.7254475899131572
1.7254475940970988
1.7254475940970988
1.7254475940970988
1.7254475946118255
1.7254475946118255
1.7254475946118255
1.7254475946118255
1.7254475946118255
1.7254475946118255
1.7254475946118255
1.7254475946118255
1.7254476365026528
1.7254476365026528
1.7254476365026528
1.7254476365026528
1.7254476365026528
1.7254476365026528
1.7254476365026528
1.7254476365026528
1.7254476365026528
1.7254476365026528
1.7254489710669203
1.7254489710669203
1.7254489710669203
1.7254489710669203
1.7254489710669203
1.7254489710669203
1.7254489710669203
1.7254489710669203
1.7254489710669203
1.7254489710669203
1.7254489710669203
1.7254489710669203
1.7254489710669203
1.7254489710669203
1.7254489710669203
1.7254489710669203
1.7254489710669203
1.7254489710669203
1.7254489710669203
1.7254489710669203
1.7254489710669203
1.7254489710669203
1.7254489710669203
1.7254489710669203
1.7254489710669203
1.7254489710669203
1.7254489710669203
1.7254489841517757
1.7254489841517757
1.7254489841517757
1.7254489841517757
1.7254489841517757
1.7254489841517757
1.7255564113199289
1.7255564113199289
1.7255564113199289
1.7255564113199289
1.7255564113199289
1.7255569362006624
1.7255569362006624
1.7255569450770671
1.7255569450770671
1.7255569450770671
1.7255569450770671
1.7255569450770671
1.7255569450770671
1.7255574858612384
1.7255574858612384
1.7255574858612384
1.725600734394806
1.725600734394806
1.725600734394806
1.725600734394806
1.725600734394806
1.725600734394806
1.725600734394806
1.725600734394806
1.725600734394806
1.725600734394806
1.725600734394806
1.725600734394806
1.725600734394806
