0
1.4825530872477042
1.4861056407401652
1.4861121146765026
1.4980267600909645
1.4981289070493191
1.4981612295582076
1.4981620853934337
1.4981620857489233
1.5978970489484616
1.5989896881902246
1.6004238878893713
1.6004870324282574
1.6006630237801005
1.6006705636215433
1.6006705636215433
1.6006705636215433
1.6027230274186521
1.6421246978408408
1.642280027434922
1.6530741589148812
1.6532055317101322
1.6532772880400664
1.6536197511660922
1.6536197511660922
1.6536912966500439
1.6538739619643
1.6539722587047958
1.6539722587047958
1.6539722587047958
1.6539727012073302
1.6539911337742161
1.6539911337742161
1.6539911337742161
1.6539911337742161
1.65450902998079
1.6551341849459946
1.6551341849459946
1.666751897341941
1.666759101191405
1.666759101191405
1.6691727656489066
1.6692328383676942
1.6692606105882695
1.6696769401861091
1.6697068573424927
1.6697068573424927
1.6697068573424927
1.6697068573424927
1.6697068573424927
1.6697082668494083
1.682314340933812
1.6880366665277284
1.6880418857305386
1.6880418857305386
1.6880418857305386
1.6880418857305386
1.6880418857305386
1.6880418857305386
1.688149556932814
1.6892956043954308
1.6907409773588493
1.6907409773588493
1.6907413517342098
1.6907432931733248
1.7098155023505401
1.7098155023505401
1.7098155023505401
1.7098155023505401
1.709815510597214
1.709815510597214
1.709815510597214
1.709818579209541
1.7098194193298601
1.7098194193298601
1.7098194193298601
1.7098194193298601
1.7098194193298601
1.7098194193298601
1.7098194193298601
1.7098194193298601
1.7098194193298601
1.7098194193298601
1.7098194701838199
1.7099098129584493
1.7099098129584493
1.709909869408344
1.7101809609179037
1.7101814540983482
1.7101814540983482
1.7101814540983482
1.710181458881222
1.710181458881222
1.7102361175945153
1.7102361264846895
1.7102804525874329
1.7108730262671419
1.712163082556405
1.7121667473637883
1.7122003705623128
1.7122003705623128
1.7122003705623128
1.7122003707637523
1.7122003707637523
1.7122005684671118
1.7122005684671118
1.7122005859251725
1.7143975924829036
1.714397678144189
1.7144807218368636
1.715041996275544
1.715041996275544
1.7150419962759467
1.7150419962759467
1.7150419962759467
1.7151806236204055
1.7151806236204055
1.7158097594706647
1.715809783196087
1.715809783196087
1.715809783196087
1.715809783196087
1.715809783196087
1.715809783196087
1.715809783196087
1.7158098325617792
1.7158098325617792
1.7158102861830815
1.7158102861830815
1.7158102861830815
1.7161846812541666
1.7161846812541666
1.7161850185269196
1.7161850185269196
1.7161850185269196
1.7163407454753488
1.7164469826218656
1.7164469826218656
1.7164469826218656
1.7166966949170956
1.7166972161053267
1.7166972161053267
1.7166972161053267
1.7166972161053267
1.716699214820419
1.716699214820419
1.716699214820419
1.716699214820419
1.7166998788267602
1.7166998788267602
1.7166998788267602
1.7166998788267602
1.7167525002046264
1.71675296979278
1.7167531016358297
1.7167531016358297
1.7167531016358297
1.7167531016358297
1.7167541282088619
1.7167541282088619
1.716801602653869
1.7168016027275046
1.7168016027275046
1.716801602742896
1.716801602742896
1.7168029889677556
1.7168029889677556
1.7168029901997293
1.7168029901997293
1.7168029901997293
1.7168029901997293
1.7168029901997293
1.7168029901997293
1.7168029901997293
1.7169378704207245
1.7169378704207245
1.7169378704207245
1.7169382114023422
1.7169382114023422
1.7169382218974312
1.7169382218974312
1.7169382548886594
1.7169382548886594
1.7169384905718914
1.7169384906914902
1.7169384906914902
1.7169384906914902
1.7169384906914902
1.7169384906914902
1.7169384906914902
1.7170033434177527
1.7170034307316486
1.7170034307316486
1.7170034307316486
1.7170034307316486
1.7170034307316486
1.7170224205852875
1.7170927376198422
1.7170927376198422
1.7170927376249712
1.717124237756744
1.717124237756744
1.7171242378457876
1.7171242378457876
1.7171242378457876
1.7171242378457876
1.7171363628761576
1.717194649112941
1.717194649112941
1.717194649112941
1.717194649112941
1.7171959897848148
1.7171959897848148
1.7171959897848148
1.7171959900597287
1.7171959900597287
1.7171959900597287
1.7171988823193287
1.7171988823193287
1.7171988823193287
1.7171989427942271
1.7171989427942271
1.7171989427950272
1.7171989427950272
1.7171989427950272
1.7171989427950272
1.7171989427950272
1.7171994967615234
1.7171994967615234
1.7171994967615234
1.7171994976604756
1.7172035223776367
1.7172035223776367
1.717203522423027
1.717203522423027
1.7172035396176275
1.7176757673808645
1.7176758544050559
1.7176758588609933
1.7176758589248347
1.717733866865743
1.717734566294564
1.7177345663054862
1.7177345663054862
1.7178294093970674
1.7178294110475925
1.7178294110475925
1.7178294110475925
1.7178294114585153
1.7178294114585153
1.7178294114585153
1.7178788097420534
1.7178788097420534
1.7178788097420534
1.717878809749019
1.7178788116346029
1.717879036156637
1.717879036156637
1.717879037151583
1.7179602474255888
1.7179602474255888
1.7179602474255888
1.7179602474255888
1.7179602474255888
1.7179602474255888
1.7179602474255888
1.7179602474255888
1.7179602474255888
1.7179602474255888
1.7179602474255888
1.7179602474255888
1.717961935125185
1.7179688309177996
1.7179688309177996
1.718027056531793
1.718027056531793
1.7673710042008424
1.767373498401314
1.767373498401314
1.767373498401314
1.7673734985638418
1.7673734985662726
1.7673734985662726
1.7673734985662726
1.7673734985662726
1.7673734985662726
1.7673734985662726
1.7673734989837826
1.7673735032068334
1.7673736115440362
1.7673736115440362
1.7673736115440362
1.7673736115440362
1.7673736115440362
1.7673736115440362
1.767373611885692
1.7684958927813144
1.7684958927813144
1.76849589281321
