0
1.4825530872477042
1.4861056407401652
1.4861121146765026
1.4980267600909645
1.4981289070493191
1.4981612295582076
1.4981620853934337
1.4981620857489233
1.5978970489484616
1.5989896881902246
1.6004238878893713
1.6004870324282574
1.6006630237801005
1.6006705636215433
1.6006705636215433
1.6006705636215433
1.6027230274186521
1.6421246978408408
1.642280027434922
1.6530741589148812
1.6532055317101322
1.6532772880400664
1.6536197511660922
1.6536197511660922
1.6536912966500439
1.6538739619643
1.6539722587047958
1.6539722587047958
1.6539722587047958
1.6539727012073302
1.6539911337742161
1.6539911337742161
1.6539948573525824
1.6719338098324288
1.6723086868126527
1.6723086868126527
1.6723086906364961
1.6791049526056598
1.6792258378896803
1.6792258378896803
1.6793756348332205
1.6793998258730196
1.6793998258730196
1.6796883600557202
1.6827141948481101
1.682740416468617
1.682740416468617
1.682740416468617
1.682740416468617
1.682740416468617
1.682740416468617
1.682740416468617
1.682740416468617
1.682740416468617
1.682740416468617
1.682740416468617
1.682740416468617
1.682740416468617
1.682740416468617
1.682740416468617
1.6831822043967082
1.6831825578862316
1.6831825616196099
1.6831826177419025
1.6831826177419025
1.6831826177419025
1.683188263554471
1.683188263554471
1.683188263554471
1.683188263554471
1.683188263554471
1.683188263554471
1.683188263554471
1.683193975804357
1.683193975804357
1.683193975804357
1.6831939808015284
1.6831939891725551
1.6831939896849193
1.6831939896849193
1.6831939896849193
1.6831939896849193
1.6831939896849193
1.6831939896849193
1.6831939896849193
1.6831939896849193
1.6831939896849193
1.6831939896849193
1.6831939896849193
1.683216339758808
1.683216339758808
1.683216339758808
1.683216339758808
1.683216339758808
1.683216339758808
1.6841286063839394
1.684338859996269
1.6843388612688057
1.6854880372681427
1.6854880372681427
1.6854880372681427
1.6854880372681427
1.6854880372681427
1.6854880372681427
1.6855128422832024
1.6855128422832024
1.6855128629985323
1.6855128629985323
1.6855128629985323
1.6855128629985323
1.6855128629985323
1.6855128629985323
1.6855128629985323
1.6855128629985323
1.6855395947086114
1.6855395947086114
1.6855584106596508
1.6855584106596508
1.6855584106596508
1.6855584106596508
1.68556187616931
1.6889388288661287
1.6889388288661287
1.6889388288661287
1.6889388288661287
1.6889388288661287
1.688938832159271
1.688938832159271
1.688938832159271
1.6889513046340423
1.6889513046340423
1.6889514097646554
1.688959801744404
1.6889640659949707
1.6889640659949707
1.6889640869302538
1.6889640869302538
1.6889640869302538
1.6889640869302538
1.689013864905113
1.689013864905113
1.689013864905113
1.6890143739925958
1.6890143741128807
1.6890143741128807
1.6890143848199415
1.6890143848199415
1.6890143848199415
1.6890143848199415
1.6890143848199415
1.6890143848199415
1.6890143848199415
1.6890143848199415
1.6890143853326343
1.689023051876441
1.6890561277544767
1.6890561277544767
1.689056127756228
1.689056657564664
1.689056657564664
1.689056657564664
1.689056657564664
1.689056657564664
1.689056657564664
1.689056665332611
1.6890623004374463
1.6890623004374463
1.6890623004374463
1.6890623004374463
1.6890623004374463
1.6890623004374463
1.6890623004374463
1.6890623004374463
1.6890623004374463
1.6890623004374463
1.6903610469719585
1.6904683171681105
1.6904683171681105
1.6904683171681105
1.6904683171681105
1.6904683171681105
1.6904683171681105
1.6904683173023645
1.6904683173023645
1.6904683173023862
1.6904683174298345
1.6904683175840431
1.6904683175840431
1.6904683175840431
1.6904683175840431
1.6904683175840431
1.6904683175840431
1.6905832541252426
1.6905832541252426
1.6905832541252426
1.6905832541252426
1.6905832541252426
1.6905832984929032
1.6905832984929032
1.6905832984929032
1.6905832984929032
1.6905832984929032
1.6905832984929032
1.6905832984929032
1.6905832984929032
1.6905832984929032
1.6905832984929032
1.6905877173580768
1.6905877173580768
1.6905877173580768
1.6905877173580768
1.6905877173580768
1.6905877173580768
1.6905877173580768
1.6905877173580768
1.6905877173580768
1.6905877173580768
1.6905877173580768
1.6905877173580768
1.6905877173580768
1.6905877173580768
1.6905877173580768
1.6905877173580768
1.6905877173580768
1.6905877173580768
1.6905877173580768
1.6905877173580768
1.6905877173580768
1.6905877173580768
1.6905877173580768
1.6905877173580768
1.6905877173580768
1.6905877173580768
1.6905877173580768
1.6905877173580768
1.6905877173580768
1.6905877173580768
1.6905877173580768
1.6905877173580768
1.6905877173580768
1.6905877173580768
1.6905877173580768
1.6905877173580768
1.6905877173580768
1.6905877173580768
1.6905877173580768
1.6905877173580768
1.6905877173580768
1.6905877173580768
1.6905877178158932
1.6905877178158932
1.6905877178158932
1.6905877178158932
1.6905877178158932
1.690588848131339
1.690588848131339
1.690588848131339
1.690588848131339
1.690588848131339
1.690588848131339
1.690588848131339
1.690588848131339
1.690588848131339
1.690588848131339
1.690588848131339
1.690588848131339
1.690588848131339
1.690588848131339
1.690588848131339
1.690588848131339
1.690588848131339
1.690588848131339
1.690588848131339
1.690588848131339
1.690588848131339
1.690597951266716
1.690597951266716
1.690597951266716
1.690597951266716
1.690597951266716
1.690597951266716
1.6905979542069771
1.6905979542069771
1.6905979542069771
1.6905979542354688
1.6905979542354688
1.6905979542354688
1.6905979542354688
1.690597956324762
1.6905982220180549
1.6905982220180549
1.6905982220180549
1.6905982220180549
1.6905982220180549
1.6905982220180549
1.6905982220180549
1.6905982220180549
1.6905982220180549
1.6905982517047706
1.6905982517047706
1.6905982517047706
1.6905982517047706
1.6905982517047706
1.6905982517047706
1.6905982517047706
1.6905982517047706
1.6905982517047706
1.6905986755318319
1.6905986755318319
1.6905986755318319
1.6905986755318319
1.6905986755318319
1.6905986755318319
1.6905986755318319
1.6905986755318319
1.6905986755318319
1.6905989188897637
1.6905989188897637
1.6905989188897637
1.6905989188897637
1.6905989188897637
1.6905989188897637
1.6905989188897637
1.6905989188897637
1.6905989188897637
1.6905989188897637
1.6905989188897637
1.6905989188897637
1.6905989188897637
1.6905989188897637
1.6905989188897637
1.6905989188897637
1.6905989188897637
1.6905989188897637
1.6905989188897637
1.6905989188897637
1.6905989188897637
1.6906348566775957
1.6906349425696199
1.6906349425696199
1.6906349425696199
1.6906349425696199
1.6906349425696199
1.6906349940420473
1.6906349940420473
1.6906349940420473
1.6906349940420473
1.6906349940420473
1.6906349940420473
1.6906349940420473
1.6906349940420473
1.6906349940420473
1.6906349940420473
1.6906349940420473
1.6906349940420473
1.6906349940420473
1.6906349940420473
1.6906349940420473
1.6906349940420473
1.6906349940420473
1.6906349940420473
1.6906349940420473
1.6906349940420473
1.6906349940420473
1.6906349940420473
1.6906349940420473
1.6906349940420473
1.6906349940420473
1.6906349940420473
1.6906349940420473
1.6906349940420473
1.6906349940420473
1.6906349940420473
1.6906349940420473
1.6906349940420473
1.6906349940420473
1.6906349940420473
1.6906350721570649
1.6906350721570649
1.6906350721570649
1.6906350721570649
1.6906350721570649
1.6906350721570649
1.6906350721570649
1.6906350721570649
1.6906350721570649
1.6906350721570649
1.6906350721570649
1.6906475034481558
1.6906475034481558
1.6906475826176415
1.6906475826176415
1.6906475826176415
1.6906475826176415
1.6906475826176415
1.6906475826176415
1.6906475826176415
1.6906475826176415
1.6906475826176415
1.6906475826176415
1.6906475826176415
1.6906475826176415
1.6906475826176415
1.6906475826176415
1.6906475826176415
1.6906475826176415
1.6906475826176415
1.6906475826176415
1.6906475826176415
1.6906475826176415
1.6906475826176415
1.6906475826280185
1.6906475826280185
1.6906475826280185
1.6906475826280185
1.6906475826280185
1.6906475826280185
1.6906475826280185
1.6906475876819154
1.6906475876819154
1.6906475876819154
1.6906475876819154
1.6906475902787568
1.6906475902787568
1.6906475902787568
1.6906475902787568
1.6906475902787568
1.6906475902787568
1.6906475902787568
1.6906475902787568
1.6906475902787568
1.6906475902787568
1.6906475902787568
1.6906475902787568
1.6906475902787568
1.6906475902787568
1.6906475902787568
1.6906475902787568
1.6906475902787568
1.6906475902787568
1.6906475902787568
1.6906475902787568
1.6906475902787568
1.6906475902787568
1.6906475902787568
1.6906475902787568
1.6906475902787568
1.6906475902787568
1.6906475902787568
1.6906475902787568
1.6906475902787568
1.6906475902787568
1.6906475902787568
1.6906475902787568
1.6906475902787568
1.6906475902787568
1.6906475902787568
1.6906475902787568
1.6906475902787568
1.6906475902787568
1.6906475902787568
1.6906475902787568
1.6906475902787568
1.6906475902787568
1.6906475902787568
1.6906475902787568
1.6906475902787568
1.6906475902787568
1.6906475902787568
1.6906475902787568
1.6906475902787568
1.6906475902787568
1.6906475902787568
1.6906475902787568
1.6906475902787568
1.6906475902787568
1.6906475902787568
1.6906475902787568
1.6906475902787568
1.6906475902787568
1.6906475902787568
1.6906475902787568
1.6906475902787568
1.6906475902787568
1.6906475902787568
1.6906475902787568
1.6906475902787568
1.6906475902787568
1.6906475902787568
1.6906475902787568
1.6906475902787568
1.6906475902787568
1.6906475902787568
1.6906475902787568
1.6906475902787568
1.6906475902787568
1.6906475902787568
1.6906475902787568
1.6906475902787568
1.6906475902787568
1.6906475902787568
1.6906475902787568
1.6906475902787568
1.6906475902787568
1.6906475902787568
1.6906475902787568
1.6906475902787568
1.6906475902787568
1.6906475902787568
1.6906475902787568
1.6906475902787568
1.6906475902787568
1.6906475902787568
1.6906475902787568
1.6906475902787568
1.6906475902787568
1.6906475902787568
1.6906475902787568
1.6906475902787568
1.6906475902787568
1.6906475902787568
1.6906475902787568
1.6906475902787568
1.6906475902787568
1.6906475902787568
1.6906475902787568
1.6906475902787568
1.6906475902787568
1.6906475902787568
1.6906475902787568
1.6906475902787568
1.6906475902787568
1.6906475902787568
1.6906475902787568
1.6906475902787568
1.6906475902787568
1.6906475902787568
1.6906475902787568
1.6906475902787568
1.6906475902787568
1.6906475902787568
1.6906475902787568
1.6906475902787568
1.6906475902787568
1.6906475902787568
1.6906475902787568
1.6906475902787568
1.6906475902787568
1.6906475902787568
1.6906475902787568
1.6906475902787568
1.6906475902787568
1.6906475902787568
1.6906475902787568
1.6906475902787568
1.6906475902787568
1.6906475902787568
1.6906475902787568
1.6906475902787568
1.6906475902787568
1.6906475902787568
1.6906475902787568
