76.279952162
76.279952162
76.279952162
76.280024212
76.280024212
76.280024212
76.2800246005
76.2800246005
76.3679732085
76.3681186895
76.36967842349999
76.36967842349999
76.3696784235
76.6577888325
76.6577888325
76.6577888325
76.6577888325
76.6577888325
76.6577888325
76.6577888325
76.6577888325
79.2591427047
79.2591427047
79.2591427047
79.2591427047
79.2591427047
79.2591427047
79.2591427047
79.25914270470001
79.25914270470001
79.25914270470001
79.25914270470001
79.25914270470001
79.25914270470001
79.25914270470001
79.25914270470001
79.25914270470001
79.25914270470001
79.25914270470001
79.25914270470001
79.26425499870001
79.26425499870001
79.26425499870001
79.26425499870001
79.26425499870001
79.26425499870001
79.26425499870001
79.26425499870001
79.26425499870001
79.26425499870001
79.26425499870001
79.26425499870001
79.26425499870001
79.26425499870001
79.26425499870001
79.26425499870001
79.26425499870001
79.26425499870001
79.26425499870001
79.26425499870001
79.26429811150001
79.26430900150001
79.26430900150001
79.26430900150001
79.26430900150001
79.26430900150001
79.26430900150001
79.26430900150001
79.26430900150001
79.26524614710002
79.26524614710002
79.26524614710002
79.26524614710002
79.26524614710002
100.5461127954
100.5461127954
100.54611279539999
100.54611279539999
100.54611279539999
100.54611279539999
100.54611279539999
100.54611279539999
100.54611279539999
100.54611279539999
100.54611279539999
100.54611279539999
100.54611279539999
100.54611279539999
100.54611279539999
100.54611279539999
100.54611279539999
100.54611279539999
100.54611279539999
100.54611279539999
100.54611279539999
100.54611279539999
100.54611279539999
100.54611279539999
100.54611279539999
100.54611279539999
100.54611279539999
100.54611279539999
100.54611279539999
100.54611279539999
100.54611279539999
100.54611279539999
100.54611279539999
100.54611279539999
100.54611279539999
100.54611279539999
100.54652552259999
100.54652552259999
100.54652552259999
100.54652552259999
100.54673531259999
100.54673531259999
100.54673531259999
100.54673531259999
100.54673531259999
100.54673531259999
100.54673531259999
100.54673531259999
100.54673531259999
100.54673531260002
100.54673531260002
100.54673531260002
100.54673531260002
100.54673531260002
100.54673531260002
100.54673531260002
100.54673531260002
100.54673531260002
100.54673531260002
100.54673531260002
100.54673531260002
100.54673531260002
100.54678167210001
100.54678167210001
100.54678167210001
100.54678167210001
100.54678167210001
100.54678167210001
100.54722910100001
100.54722910100001
100.54722910100001
100.54722910100001
100.54722910100001
100.54722910100001
100.54722910100001
100.54722910100001
100.54722910100001
100.54722910100001
100.54722910100001
100.54722910100001
100.54722910100001
100.54722910100001
100.54722910100001
100.54722910100001
100.54744994470002
100.54744994470002
100.54744994470002
100.54751842960002
100.54751842960002
100.54751842960002
100.54751842960002
100.54751842960002
100.54751842960002
100.54751842960002
100.54751842960002
100.54751842960002
100.54751842960002
100.54751842960002
100.54751842960002
100.54751842960002
100.54751842960002
100.54751842960002
100.54751842960002
100.54751842960002
100.54751842960002
100.54751842960002
100.54751842960002
100.54751842960002
100.54751842960002
100.54751842960002
100.54751842960002
100.54751842960002
100.54751842960002
100.54751842960002
100.54751842960002
100.54751842960002
100.54751842960002
100.54751842960002
100.54751842960002
100.54751842960002
100.54751842960002
100.54751842960002
100.54751842960002
100.54751842960002
100.54751842960002
100.54751842960002
100.54751842960002
100.54751842960002
100.54751842960002
100.54751842960002
100.54751842960002
100.54751842960002
100.54751842960002
100.54751842960002
100.54751842960002
100.54751842960002
100.54751842960002
100.54751842960002
100.54751842960002
100.54751842960002
100.54751842960002
100.54751842960002
100.54751842960002
100.54751842960002
100.54751842960002
100.54751842960002
100.54751842960002
100.54751842960002
100.54751842960002
100.54751842960002
100.54751842960002
100.54751842960002
100.54751842960002
100.54751842960002
100.54751842960002
100.54751842960002
100.54751842960002
100.54751842960002
100.54751842960002
100.54751842960002
100.54751842960002
100.54751842960002
100.54751842960002
100.54751842960002
100.54751842960002
100.54751842960002
100.54751842960002
100.54751842960002
100.54751842960002
100.54751842960002
100.54751842960002
100.54751842960002
100.54751842960002
100.54751842960002
100.54751842960002
100.54751842960002
100.54751842960002
100.54751842960002
100.54751842960002
100.54751842960002
100.54751842960002
100.54751842960002
100.54751842960002
100.54751842960002
100.54751842960002
100.54751842960002
100.54751842960002
100.54751842960002
100.54751842960002
100.54751842960002
100.54751842960002
100.54751842960002
100.54751842960002
100.54751842960002
100.54751842960002
100.54751842960002
100.54751842960002
100.54751842960002
100.54751842960002
100.54751842960002
100.54751842960002
100.54751842960002
100.54751842960002
100.54751842960002
100.54751842960002
100.54751842960002
100.54751842960002
100.54751842960002
100.54751842960002
100.54751842960002
100.54751842960002
100.54751842960002
100.54751842960002
100.54751842960002
100.54751842960002
100.54751842960002
100.54751842960002
100.54751842960002
100.54751842960002
100.54751842960002
100.54751842960002
100.54751842960002
100.54751842960002
100.54751842960002
100.54751842960002
100.54751842960002
100.54751842960002
100.54751842960002
100.54751842960002
100.54751842960002
100.54751842960002
100.54751842960002
100.54751842960002
100.54751842960002
100.54751842960002
100.54751842960002
100.54751842960002
100.54751842960002
100.54751842960002
100.54751842960002
100.54751842960002
100.54751842960002
100.54751842960002
100.54751842960002
100.54751842960002
100.54751842960002
100.54751842960002
100.54751842960002
100.54751842960002
100.54751842960002
100.54751842960002
100.54751842960002
100.54751842960002
100.54751842960002
100.54751842960002
100.54751842960002
100.54751842960002
100.54751842960002
100.54751842960002
100.54751842960002
100.54751842960002
100.54751842960002
100.54751842960002
100.54751842960002
100.54751842960002
100.54751842960002
100.54751842960002
100.54751842960002
100.54751842960002
100.54751842960002
100.54751842960002
100.54751842960002
100.54751842960002
100.54751842960002
100.54751842960002
100.54751842960002
100.54751842960002
100.54751842960002
100.54751842960002
100.54751842960002
100.54751842960002
100.54751842960002
100.54751842960002
100.54751842960002
100.54751842960002
100.54751842960002
100.54751842960002
100.54751842960002
100.54751842960002
100.54751842960002
100.54751842960002
100.54751842960002
100.54751842960002
100.54751842960002
100.54751842960002
100.54751842960002
100.54751842960002
100.54751842960002
100.54751842960002
100.54751842960002
100.54751842960002
100.54751842960002
100.54751842960002
100.54751842960002
100.54751842960002
100.54751842960002
100.54751842960002
100.54751842960002
100.54751842960002
100.54751842960002
100.54751842960002
100.54751842960002
100.54751842960002
100.54751842960002
100.54751842960002
100.54751842960002
100.54751842960002
100.54751842960002
100.54751842960002
100.54751842960002
100.54751842960002
100.54751842960002
100.54751842960002
100.54751842960002
100.54751842960002
100.54751842960002
100.54751842960002
100.54751842960002
100.54751842960002
100.54751842960002
100.54751842960002
100.54751842960002
100.54751842960002
100.54751842960002
100.54751842960002
100.54751842960002
100.54751842960002
100.54751842960002
100.54751842960002
100.54751842960002
100.54751842960002
100.54751842960002
100.54751842960002
100.54751842960002
100.54751842960002
100.54751842960002
