0
8.53801070942322
8.864983064974819
8.865570335562976
8.969557709524889
8.98604015083457
8.986123913593678
8.986186893343532
8.986187103488064
11.75415576739286
11.999486350808734
12.30872732602797
12.345113893826255
12.34981720800663
12.349947246814628
12.349947246814628
12.349947246814628
12.556273795595228
13.379274762756417
13.59322576345145
13.95294883261402
14.074252311823432
14.076078007858326
14.343349343601966
14.343349343601966
14.346527226948997
14.354545916729561
14.356796535963682
14.356796535963682
14.356801505906407
14.356830967520024
14.369855113902378
14.369855113902378
14.53071295801983
14.789709450777824
14.78973727519076
14.78973727519076
14.79084459568429
14.790861857950627
14.790863761367397
14.92157059208795
14.923102508166126
14.932049614925855
14.932049860601719
14.932051352261801
14.932051352261801
14.937152739704612
14.940011832771226
14.940011832771226
14.940011832771226
14.94001207396268
14.94001207396268
14.94001207396268
14.94001207396268
14.94001903997258
14.94001903997258
14.94001903997258
14.940079517142017
14.940080060385306
14.940080643364922
14.940944807825066
14.940944807825066
14.941402225747751
14.941402225747751
14.941402225747751
14.941402564804708
14.950474138715457
14.950474138715457
14.950474138715457
14.95047863051489
14.95047863051489
14.950608640012582
14.950909306066443
14.950909306066443
14.950909306066443
14.950909306066443
14.950909306066443
14.950909714703531
14.950909714703531
14.951671344692866
14.952970788956982
14.952970788956982
14.952970788956982
14.952971268782296
14.952971268782296
14.953166413657325
14.953166413657325
14.953166413657325
14.953166413657325
14.953166413657325
14.953166413657325
14.953166413657325
14.953176051318394
14.953176051318394
14.95317709432019
14.95317709432019
14.953177096802296
14.953177096802296
14.953177147521846
14.953204515533034
14.953204515533034
14.953204515533034
14.955346621871598
14.955346621871598
14.955346621871598
14.95552030499026
14.955521286272184
14.955712250343275
14.955712250343275
14.955712250343275
14.955712696273617
14.955712696273617
14.955712696273617
14.955733889837163
14.955733889837163
14.955733889837163
14.955754484337085
14.955754486705455
14.955754486705455
14.955754486705455
14.955754492801706
14.955754493074231
14.955754493074231
14.955754493074231
15.01110638190142
15.011643959460788
15.011643959460788
15.011651233054884
15.011715017440586
15.011715017440586
15.011715017440586
15.01171549967047
15.01171549967047
15.01171549967047
15.01171549967047
15.011715568230006
15.011716398779111
15.011716398779111
15.011716398779111
15.011716398779111
15.011716398779111
15.011716398779111
15.011810177677734
15.011878991046931
15.011878991046931
15.013053981589652
15.013053981589652
15.013053981589652
15.01305432786915
15.01305432786915
15.01305432786915
15.01305432786915
15.013054521189591
15.013078289528409
15.013078289528409
15.013078289528409
15.013078394530044
15.013098461900576
15.013098461900576
15.013098461900576
15.013098461900576
15.084808288415246
15.084808288415246
15.084808288415246
15.084808288415246
15.084808288415246
15.084808329633995
15.084808329633995
15.084808329633995
15.084808329633995
15.084808329633995
15.084812712292308
15.084814522050262
15.084814522050262
15.084814522050262
15.110202145576153
15.110203617306617
15.110203617306617
15.110224905625739
15.110295642447806
15.11029615698537
15.11029615698537
15.110296157097189
15.1102961599969
15.1102961599969
15.1102961599969
15.1102961599969
15.1102961599969
15.1102961599969
15.1102961599969
15.1102961599969
15.1102961599969
15.1102961599969
15.1102961599969
15.11047298542836
15.110515130641955
15.11295709100976
15.11295709100976
15.11295709644451
15.11295709644451
15.112957216124574
15.112957216124574
15.112957216124574
15.112963215194135
15.112963215194135
15.112963215194135
15.127737538409004
15.127737538409004
15.127737538409004
15.127737538409004
15.128037721954021
15.128037721954021
15.128037721954021
15.128037721954021
15.128037721954021
15.128113458291025
15.128113458291025
15.128113458291025
15.128113589107356
15.128116929832288
15.128116929832288
15.128325295671983
15.128325295671983
15.128325295671983
15.128325295671983
15.128325295671983
15.128325295671983
15.128325295671983
15.128325295671983
15.128325295671983
15.128325295671983
15.128329794752949
15.128329794752949
15.128329794752949
15.128329794752949
15.128329794752949
15.128329794752949
15.128349933359072
15.128349933359072
15.128349933359072
15.128349933359072
15.128349933359072
15.128349933359072
15.128349933359072
15.128349933359072
15.128349933359072
15.128349933359072
15.128349938424858
15.128350712563961
15.128350712563961
15.128350712563961
15.128350712563961
15.128350712563961
15.128350712563961
15.128350712563961
15.128350712563961
15.128350712563961
15.128350712563961
15.128438437289693
15.128442174037636
15.128442174037636
15.128442174037636
15.128442174037636
15.128442174037636
15.128442174037636
15.128442174037636
15.128442174037636
15.128442174037636
15.128442174037636
15.128442174037636
15.128442174037636
15.128442174037636
15.128442174037636
15.128442226245774
15.128442226245774
15.128442226245774
15.128442226245774
15.128442226245774
15.128484956139289
15.128484956139289
15.128484956139289
15.128484956139289
15.128484956139289
15.128484956139289
15.128484956139289
15.128484956139289
15.12848496013888
15.12848496013888
15.12848496013888
15.12848496013888
15.12848496013888
15.12848496013888
15.12848496013888
15.128626526296518
15.128626526296518
15.128626526296518
15.128626526296518
15.128626526296518
15.128626526296518
15.128892639562567
15.128892639562567
15.129230850481584
15.129230850481584
15.129230850481584
15.129230850481584
15.129257031799028
15.129257031799028
15.129257031799028
15.129257031799028
15.129257031799028
15.129257031799028
15.129257031799028
15.129257031799028
15.129257031799028
15.129257031799028
15.129257031799028
15.129257031799028
15.129257031799028
15.129257031799028
15.129257031799028
15.129257031799028
15.129257031799028
15.129257031799028
15.129257031799028
15.129258492392513
15.129258492392513
15.129258492392513
15.129258492392513
15.129258492392513
15.129258492392513
15.129258641036404
15.129258641036404
15.129258641036404
15.129258641036404
15.129258641036404
15.129258641036404
15.129258641036404
15.129258641036404
15.129258641036404
15.129258856232724
15.129258856232724
15.129258856232724
15.129258856232724
15.129258856232724
15.129258856232724
15.129258856232724
15.129258889404417
15.129258889404417
15.129258889404417
15.129289301534545
15.129289301534545
15.129289301534545
15.129289301534545
15.129289301534545
15.129289301534545
15.129289301534545
15.129694332485732
15.129694332485732
15.129694332485732
15.129694332485732
15.129703757544899
15.129703757544899
15.129703757544899
15.129703757544899
15.129703757544899
15.129703757544899
15.129703757544899
15.129703757544899
15.129703757544899
15.129703757544899
15.12971025523888
15.12971025523888
15.12971025523888
15.12971025523888
15.129710360339379
15.129710360339379
15.129710360339379
15.129710360339379
15.129710360339379
15.129710360339379
15.129710360339379
15.129710360339379
15.129710360339379
15.129710360339379
15.129710360339379
15.129710360339379
15.129710360339379
15.129710360339379
15.129710360339379
15.129710360339379
15.129710360339379
15.129710360339379
15.129710360339379
15.129710360339379
15.129710360339379
15.129710360339379
15.129710360339379
15.129710360339379
15.129710360339379
15.129710360339379
15.129710360339379
15.129710360339379
15.129710360339379
15.129710360339379
15.129710360339379
15.129710360339379
15.129820110093238
15.129820110093238
15.129820110093238
15.129820110093238
15.129820110093238
15.129820110093238
15.129820110093238
15.129820110093238
15.129820110093238
15.129820110093238
15.129820110093238
15.129820110093238
15.129820110093238
15.129820110093238
15.129820110093238
15.129820110093238
15.129820110093238
15.129820110093238
15.129820110093238
15.129820110093238
15.129820110093238
15.129820110093238
15.129820573584984
15.129820573584984
15.129820573584984
15.129820573584984
15.129820573584984
15.129820573584984
15.129820573584984
15.129820573584984
15.129820573584984
15.129820573584984
15.129820573584984
15.129821567711494
15.129821567711494
15.129821567711494
15.129821567711494
15.129821567711494
15.129821567711494
15.129821567711494
15.129821567711494
15.129821567711494
15.129821567711494
15.129821567711494
15.129821567711494
15.129821567711494
15.129821567711494
15.129909876031775
15.129909876031775
15.129909876031775
15.129909876031775
15.13116265814802
15.13116265814802
15.13116265814802
15.13116265814802
15.13116265814802
15.13116265814802
15.13116265814802
15.13116265814802
15.13116265814802
15.13116265814802
15.13116265814802
15.13116265814802
15.13116265814802
15.13116265814802
15.13116265814802
15.13116265814802
15.13116265814802
15.13116265814802
15.13116265814802
15.13116265814802
15.13116265814802
15.13116265814802
15.13116265814802
15.13116265814802
15.13116265814802
15.13116265814802
15.13116265814802
15.13116265814802
15.13116265814802
15.13116265814802
15.13116265814802
15.13116265814802
15.13116265814802
15.13116265814802
15.13116265814802
15.13116265814802
15.13116265814802
15.13116265814802
15.13116265814802
15.13116265814802
15.13116265814802
15.13116265814802
15.13116265814802
15.13116265814802
15.13116265814802
15.13116265814802
15.13116265814802
15.13116265814802
15.13116265814802
15.13116265814802
15.13116265814802
15.13116265814802
15.13116265814802
15.13116265814802
15.13116265814802
15.13116265814802
15.13116265814802
15.13116265814802
15.13116265814802
15.13116265814802
15.13116265814802
15.13116265814802
15.13116265814802
15.13116265814802
15.13116265814802
15.13116265814802
15.13116265814802
15.13116265814802
15.13116265814802
15.13116265814802
15.13116265814802
15.13116265814802
15.13116265814802
15.131164101690624
15.131164101690624
15.13116623947597
15.13116623947597
15.13116623947597
15.13116623947597
15.13116623947597
15.13116623947597
15.13116623947597
15.13116623947597
15.13116623947597
15.13119534313575
15.13119534313575
15.13119534313575
15.13119534313575
15.13119534313575
15.13119534313575
15.13119534313575
15.13119534313575
15.13119534313575
15.13119534313575
15.13119535436909
15.13119535436909
15.13119535436909
15.13119535436909
15.13119535436909
15.13119535436909
15.13119535436909
15.13119535436909
15.13119535436909
15.13119535436909
15.13119535436909
15.131203495647192
15.131203495647192
15.131203495647192
15.131203495647192
15.131203495647192
15.131203495647192
15.131203495647192
15.131203495647192
15.131203495647192
15.131203495647192
15.131203495647192
15.131203495647192
15.131203495647192
15.131203495647192
15.131203495647192
15.13120737415486
15.13120737415486
15.13120737415486
15.13120737415486
15.13120737415486
15.13120737415486
15.13120737415486
15.13120737415486
15.13120737415486
15.13120737415486
15.13120737415486
15.13120737415486
15.13120737415486
15.13120737415486
15.13120737415486
15.13120737415486
15.13120737415486
15.13120737415486
15.13120737415486
15.131207386530425
15.131207386530425
15.131207386530425
15.1312321524459
15.1312321524459
15.1312321524459
15.1312321524459
15.1312321524459
15.1312321524459
15.1312321524459
15.1312321524459
15.1312321524459
15.1312321524459
15.1312321524459
15.1312321524459
15.1312321524459
15.1312321524459
15.1312321524459
15.1312321524459
15.1312321524459
15.1312321524459
15.1312321524459
15.1312321524459
15.1312321524459
15.131232220904124
15.131232220904124
15.131232220904124
15.131232220904124
15.131232220904124
15.131232220904124
15.131232220904124
15.131232220904124
15.131232220904124
15.131232220904124
15.131232516719159
15.131232516719159
15.131232516719159
15.131232516719159
15.131232516719159
15.131232516719159
15.131232516719159
15.131232516719159
15.131246859495572
15.131246859495572
15.131246859495572
15.131246859495572
15.131246859495572
15.131246859495572
15.131246859495572
15.131246859495572
15.131246859495572
15.131246859495572
15.131246859495572
15.131246859495572
15.131246859495572
15.131246859495572
15.131246859495572
15.131246859495572
15.131246859495572
