0
8.53801070942322
8.864983064974819
8.865570335562976
8.969557709524889
8.98604015083457
8.986123913593678
8.986186893343532
8.986187103488064
11.75415576739286
11.999486350808734
12.30872732602797
12.345113893826255
12.34981720800663
12.349947246814628
12.349947246814628
12.349947246814628
12.556273795595228
13.379274762756417
13.59322576345145
13.95294883261402
14.074252311823432
14.076078007858326
14.343349343601966
14.343349343601966
14.346527226948997
14.354545916729561
14.356796535963682
14.356796535963682
14.356801505906407
14.356830967520024
14.369855113902378
14.369855113902378
14.556800592769452
14.630407154999812
14.630410587801808
14.630410587801808
14.630410587801808
14.630410587801808
14.716076736567882
14.744077568720051
14.770866215570699
14.770866215570699
14.770866215570699
14.770868543311256
14.998904750956335
14.998904750956335
14.998904750956335
14.99907591194271
14.99907591194271
15.005147601854844
15.005147601854844
15.005147601854844
15.006481883500378
15.008858706424743
15.008858706424743
15.008858706424743
15.008858706424743
15.008858706424743
15.00886284043758
15.010513198296318
15.010513198296318
15.010513198296318
15.01067865318337
15.010711788731477
15.010711788731477
15.010711829703688
15.010782487856005
15.010782487856005
15.010782487856005
15.010782487856005
15.0108812651781
15.010881284605077
15.011149930609392
15.011149930609392
15.011149930609392
15.018448639041964
15.01845027223274
15.019847638521895
15.022979965992349
15.022979965992349
15.022979965992349
15.022979965992349
15.022979965992349
15.022979965992349
15.022979965992349
15.022979965992349
15.022979965992349
15.022979993084494
15.022979993084494
15.02302557273797
15.02302557273797
15.023025581027689
15.023051174929297
15.023051174929297
15.023051174929297
15.023051174929297
15.023051174929297
15.05628554456972
15.107705261694093
15.10770584678885
15.107707210223875
15.109198855502584
15.109199960690551
15.109199985510518
15.109199985510518
15.109199985510518
15.109199985510518
15.109199985510518
15.151294703168062
15.151294703168062
15.151294703168062
15.151294703168062
15.15129476545561
15.15129476545561
15.15129476545561
15.15129476545561
15.15129476545561
15.15129510800768
15.15129510800768
15.15129510800768
15.15129510800768
15.151298808241897
15.151298808241897
15.151298808241897
15.151298817741079
15.151496874184936
15.152257546694221
15.152257547596744
15.152257547596744
15.152280574953956
15.165702041785533
15.165702041785533
15.165702041785533
15.165702041785533
15.165702041785533
15.165702041785533
15.165702041785533
15.165702041785533
15.166777241216455
15.166777241216455
15.166777241216455
15.166777241216455
15.166777241216455
15.166777241216455
15.166824387174117
15.166824387174117
15.166829191346102
15.16923805237
15.16924069985162
15.16924069985162
15.169240710043596
15.169240710043596
15.169241275288268
15.169241275288268
15.169241275288268
15.169241275288268
15.169925137300245
15.169925137300245
15.170182651813924
15.170182651813924
15.170182651813924
15.170182651813924
15.170182781294688
15.170182781294688
15.17018780663953
15.17018780663953
15.17018780663953
15.170265942036153
15.170265942036153
15.201742991648358
15.201742991648358
15.201742991648358
15.203244968638966
15.203244968638966
15.211615010247172
15.211615010247172
15.211615021335632
15.211615021335632
15.211615043657517
15.211615043657517
15.211615043657517
15.211632020512521
15.211632020512521
15.211632020512521
15.211632020512521
15.211632020512521
15.211632020512521
15.211632170811747
15.211632170811747
15.211632177783518
15.212882505220218
15.212882508470184
15.212991320927749
15.213343309021013
15.213343309021013
15.213343309021013
15.213343309021013
15.213343309021013
15.213343309021013
15.213343309021013
15.213343309728273
15.213351716024931
15.213351716024931
15.213352634981415
15.238058111358
15.238058111358
15.238058111358
15.23805811882152
15.23805811882152
15.23806106717057
15.23806106717057
15.238100100537487
15.238444195559168
15.238448440896047
15.238448485249968
15.238448485249968
15.238448485249968
15.238448485249968
15.238448485249968
15.238448496040313
15.238448585213298
15.238448585213298
15.238448585213298
15.238448585213298
15.238494445026763
15.238494445026763
15.23930744353041
15.24075732054163
15.24075732054163
15.241072273362697
15.241072273362697
15.241072273898824
15.241072273898824
15.24107238918885
15.241089626334936
15.241089626334936
15.241089626334936
15.241089626334936
15.241089633389135
15.241089633389135
15.241089633389135
15.241089633389135
15.241089633389135
15.24108963360026
15.24108963360026
15.24108963360026
15.24108963360026
15.24108963360026
15.24108963360026
15.252905315734445
15.252905893009107
15.252905893009107
15.252905893009107
15.252906373815593
15.252906403145658
15.252906403145658
15.252906403145658
15.252906403145658
15.252906529293915
15.252906529293915
15.252906529293915
15.252906529293915
15.252906529293915
15.252906529293915
15.252906529293915
15.252906529293915
15.252906535981658
15.252906535981658
15.252906535981658
15.252906615139414
15.25458984557465
15.25458984557465
15.25458984612682
15.25458984612682
15.2545898463473
15.2545898463473
15.254630195537644
15.254630195537644
15.254630195537644
15.254630976065954
15.254630976065954
15.254630976065954
15.254630976065954
15.254630976065954
15.254631049959908
15.254631049959908
15.254631049959908
15.254631049959908
15.254631049959908
15.254631049959908
15.25463224024939
15.25463224024939
15.25463224024939
15.254638575246762
15.254638575246762
15.258968645829231
15.258968645829231
15.25896889234624
15.25896889234624
15.25896889234624
15.25896889234624
15.289538980944975
15.289538980944975
15.289560351249701
15.289560351249701
15.289581500741173
15.289607418239479
15.289643140956048
15.289643140956048
15.2902387775592
15.2902387775592
15.29023877775785
15.292533116297285
15.292533116297285
15.293393729185915
15.29339378849594
15.29339378849594
15.293521576250907
15.293521576250907
15.293689159141973
15.293689159141973
15.293689159141973
15.293689708227834
15.293689708227834
15.293689713229021
15.293689713229021
15.293689713229021
15.293689713229021
15.293689713229021
15.293691043493716
15.293691043493716
15.293691043493716
15.293691043493716
15.293691043493716
15.293691043493716
15.293691529854716
15.29369203931926
15.293692041932296
15.293692041932701
15.294164493558945
15.29417456082416
15.29436535782698
15.294365358137586
15.294365358137586
15.294365358137586
15.294365358137586
15.294365358137586
15.294365358137586
15.296825212136003
15.296825218034996
15.296825218034996
15.296825218034996
15.296825235017995
15.296825235017995
15.296825656234697
15.29684864102612
15.29684864102612
15.331176702765822
15.331176702765822
15.331214410160403
15.33121476085636
15.33121476085636
15.331216198486079
15.33121722636833
15.33121722636833
15.33121722636833
