0.500000 0.500000 0.500000 0.500000 0.500000 0.500000 0.500000 0.500000 0.500000 0.500000 0.500000 0.500000 0.125000 0.125000 0.125000 0.125000 0.125000 0.125000 0.125000 0.125000 0.125000 0.125000 0.125000 0.125000 0.062857 0.062857 0.062857 0.062857 0.024554 0.051724 0.178571 0.500000 
0.500000 0.500000 0.500000 0.500000 0.500000 0.500000 0.500000 0.500000 0.500000 0.500000 0.500000 0.500000 0.000000 0.000000 0.000000 0.000000 0.000000 0.000000 0.000000 0.000000 0.000000 0.000000 0.000000 0.000000 0.885714 0.885714 0.885714 0.885714 0.031250 0.051724 0.285714 0.625000 
0.500000 0.500000 0.500000 0.500000 0.500000 0.500000 0.500000 0.500000 0.500000 0.500000 0.500000 0.500000 0.125000 0.125000 0.125000 0.125000 0.125000 0.125000 0.125000 0.125000 0.125000 0.125000 0.125000 0.125000 0.120000 0.120000 0.120000 0.120000 0.040179 0.051724 0.214286 0.375000 
0.500000 0.500000 0.500000 0.500000 0.500000 0.500000 0.500000 0.500000 0.500000 0.500000 0.500000 0.500000 0.250000 0.250000 0.250000 0.250000 0.250000 0.250000 0.250000 0.250000 0.250000 0.250000 0.250000 0.250000 0.211429 0.211429 0.211429 0.211429 0.089286 0.086207 0.214286 0.687500 
0.500000 0.500000 0.500000 0.500000 0.500000 0.500000 0.500000 0.500000 0.500000 0.500000 0.500000 0.500000 0.187500 0.187500 0.187500 0.187500 0.187500 0.187500 0.187500 0.187500 0.187500 0.187500 0.187500 0.187500 0.211429 0.211429 0.211429 0.211429 0.102679 0.086207 0.357143 0.375000 
0.500000 0.500000 0.500000 0.500000 0.500000 0.500000 0.500000 0.500000 0.500000 0.500000 0.500000 0.500000 0.250000 0.250000 0.250000 0.250000 0.250000 0.250000 0.250000 0.250000 0.250000 0.250000 0.250000 0.250000 0.120000 0.120000 0.120000 0.120000 0.122768 0.172414 0.214286 0.812500 
0.500000 0.500000 0.500000 0.500000 0.500000 0.500000 0.500000 0.500000 0.500000 0.500000 0.500000 0.500000 0.250000 0.250000 0.250000 0.250000 0.250000 0.250000 0.250000 0.250000 0.250000 0.250000 0.250000 0.250000 0.062857 0.062857 0.062857 0.062857 0.133929 0.103448 0.214286 0.437500 
0.500000 0.500000 0.500000 0.500000 0.500000 0.500000 0.500000 0.500000 0.500000 0.500000 0.500000 0.500000 0.062500 0.062500 0.062500 0.062500 0.062500 0.062500 0.062500 0.062500 0.062500 0.062500 0.062500 0.062500 0.120000 0.120000 0.120000 0.120000 0.133929 0.068966 0.214286 0.437500 
0.500000 0.500000 0.500000 0.500000 0.500000 0.500000 0.500000 0.500000 0.500000 0.500000 0.500000 0.500000 0.125000 0.125000 0.125000 0.125000 0.125000 0.125000 0.125000 0.125000 0.125000 0.125000 0.125000 0.125000 0.120000 0.120000 0.120000 0.120000 0.133929 0.068966 0.250000 0.437500 
0.500000 0.500000 0.500000 0.500000 0.500000 0.500000 0.500000 0.500000 0.500000 0.500000 0.500000 0.500000 0.000000 0.000000 0.000000 0.000000 0.000000 0.000000 0.000000 0.000000 0.000000 0.000000 0.000000 0.000000 0.211429 0.211429 0.211429 0.211429 0.151786 0.068966 0.178571 0.375000 
0.500000 0.500000 0.500000 0.500000 0.500000 0.500000 0.500000 0.500000 0.500000 0.500000 0.500000 0.500000 0.062500 0.062500 0.062500 0.062500 0.062500 0.062500 0.062500 0.062500 0.062500 0.062500 0.062500 0.062500 0.062857 0.062857 0.062857 0.062857 0.151786 0.068966 0.214286 0.375000 
0.500000 0.500000 0.500000 0.500000 0.500000 0.500000 0.500000 0.500000 0.500000 0.500000 0.500000 0.500000 0.062500 0.062500 0.062500 0.062500 0.062500 0.062500 0.062500 0.062500 0.062500 0.062500 0.062500 0.062500 0.120000 0.120000 0.120000 0.120000 0.151786 0.068966 0.285714 0.375000 
0.500000 0.500000 0.500000 0.500000 0.500000 0.500000 0.500000 0.500000 0.500000 0.500000 0.500000 0.500000 0.312500 0.312500 0.312500 0.312500 0.312500 0.312500 0.312500 0.312500 0.312500 0.312500 0.312500 0.312500 0.171429 0.171429 0.171429 0.171429 0.218750 0.241379 0.178571 0.812500 
0.500000 0.500000 0.500000 0.500000 0.500000 0.500000 0.500000 0.500000 0.500000 0.500000 0.500000 0.500000 0.125000 0.125000 0.125000 0.125000 0.125000 0.125000 0.125000 0.125000 0.125000 0.125000 0.125000 0.125000 0.314286 0.314286 0.314286 0.314286 0.218750 0.068966 0.285714 0.437500 
0.500000 0.500000 0.500000 0.500000 0.500000 0.500000 0.500000 0.500000 0.500000 0.500000 0.500000 0.500000 0.000000 0.000000 0.000000 0.000000 0.000000 0.000000 0.000000 0.000000 0.000000 0.000000 0.000000 0.000000 0.885714 0.885714 0.885714 0.885714 0.352679 0.051724 0.328571 0.625000 
0.500000 0.500000 0.500000 0.500000 0.500000 0.500000 0.500000 0.500000 0.500000 0.500000 0.500000 0.500000 0.062500 0.062500 0.062500 0.062500 0.062500 0.062500 0.062500 0.062500 0.062500 0.062500 0.062500 0.062500 0.314286 0.314286 0.314286 0.314286 0.352679 0.103448 0.321429 0.375000 
0.500000 0.500000 0.500000 0.500000 0.500000 0.500000 0.500000 0.500000 0.500000 0.500000 0.500000 0.500000 0.062500 0.062500 0.062500 0.062500 0.062500 0.062500 0.062500 0.062500 0.062500 0.062500 0.062500 0.062500 0.314286 0.314286 0.314286 0.314286 0.352679 0.155172 0.357143 0.500000 
0.500000 0.500000 0.500000 0.500000 0.500000 0.500000 0.500000 0.500000 0.500000 0.500000 0.500000 0.500000 0.625000 0.625000 0.625000 0.625000 0.625000 0.625000 0.625000 0.625000 0.625000 0.625000 0.625000 0.625000 0.542857 0.542857 0.542857 0.542857 0.352679 0.310345 0.428571 0.562500 
0.500000 0.500000 0.500000 0.500000 0.500000 0.500000 0.500000 0.500000 0.500000 0.500000 0.500000 0.500000 0.250000 0.250000 0.250000 0.250000 0.250000 0.250000 0.250000 0.250000 0.250000 0.250000 0.250000 0.250000 0.314286 0.314286 0.314286 0.314286 0.441964 0.120690 0.357143 0.562500 
0.500000 0.500000 0.500000 0.500000 0.500000 0.500000 0.500000 0.500000 0.500000 0.500000 0.500000 0.500000 0.500000 0.500000 0.500000 0.500000 0.500000 0.500000 0.500000 0.500000 0.500000 0.500000 0.500000 0.500000 0.314286 0.314286 0.314286 0.314286 0.441964 0.172414 0.428571 0.375000 
0.500000 0.500000 0.500000 0.500000 0.500000 0.500000 0.500000 0.500000 0.500000 0.500000 0.500000 0.500000 0.437500 0.437500 0.437500 0.437500 0.437500 0.437500 0.437500 0.437500 0.437500 0.437500 0.437500 0.437500 0.542857 0.542857 0.542857 0.542857 0.441964 0.172414 0.392857 0.375000 
0.500000 0.500000 0.500000 0.500000 0.500000 0.500000 0.500000 0.500000 0.500000 0.500000 0.500000 0.500000 0.375000 0.375000 0.375000 0.375000 0.375000 0.375000 0.375000 0.375000 0.375000 0.375000 0.375000 0.375000 0.771429 0.771429 0.771429 0.771429 0.441964 0.275862 0.500000 0.250000 
0.500000 0.500000 0.500000 0.500000 0.500000 0.500000 0.500000 0.500000 0.500000 0.500000 0.500000 0.500000 0.000000 0.000000 0.000000 0.000000 0.000000 0.000000 0.000000 0.000000 0.000000 0.000000 0.000000 0.000000 0.771429 0.771429 0.771429 0.771429 0.441964 0.137931 0.250000 0.250000 
0.500000 0.500000 0.500000 0.500000 0.500000 0.500000 0.500000 0.500000 0.500000 0.500000 0.500000 0.500000 0.375000 0.375000 0.375000 0.375000 0.375000 0.375000 0.375000 0.375000 0.375000 0.375000 0.375000 0.375000 0.542857 0.542857 0.542857 0.542857 0.687500 0.103448 0.392857 0.312500 
0.500000 0.500000 0.500000 0.500000 0.500000 0.500000 0.500000 0.500000 0.500000 0.500000 0.500000 0.500000 0.312500 0.312500 0.312500 0.312500 0.312500 0.312500 0.312500 0.312500 0.312500 0.312500 0.312500 0.312500 0.885714 0.885714 0.885714 0.885714 0.687500 0.137931 0.428571 0.625000 
0.500000 0.500000 0.500000 0.500000 0.500000 0.500000 0.500000 0.500000 0.500000 0.500000 0.500000 0.500000 0.500000 0.500000 0.500000 0.500000 0.500000 0.500000 0.500000 0.500000 0.500000 0.500000 0.500000 0.500000 0.600000 0.600000 0.600000 0.600000 0.687500 0.482759 0.428571 0.687500 
0.500000 0.500000 0.500000 0.500000 0.500000 0.500000 0.500000 0.500000 0.500000 0.500000 0.500000 0.500000 0.312500 0.312500 0.312500 0.312500 0.312500 0.312500 0.312500 0.312500 0.312500 0.312500 0.312500 0.312500 0.885714 0.885714 0.885714 0.885714 0.687500 0.103448 0.285714 0.625000 
0.500000 0.500000 0.500000 0.500000 0.500000 0.500000 0.500000 0.500000 0.500000 0.500000 0.500000 0.500000 0.375000 0.375000 0.375000 0.375000 0.375000 0.375000 0.375000 0.375000 0.375000 0.375000 0.375000 0.375000 1.000000 1.000000 1.000000 1.000000 1.000000 0.120690 0.392857 0.250000 
0.500000 0.500000 0.500000 0.500000 0.500000 0.500000 0.500000 0.500000 0.500000 0.500000 0.500000 0.500000 0.375000 0.375000 0.375000 0.375000 0.375000 0.375000 0.375000 0.375000 0.375000 0.375000 0.375000 0.375000 1.000000 1.000000 1.000000 1.000000 1.000000 0.241379 0.642857 0.250000 
0.500000 0.500000 0.500000 0.500000 0.500000 0.500000 0.500000 0.500000 0.500000 0.500000 0.500000 0.500000 0.500000 0.500000 0.500000 0.500000 0.500000 0.500000 0.500000 0.500000 0.500000 0.500000 0.500000 0.500000 1.000000 1.000000 1.000000 1.000000 1.000000 0.241379 0.571429 0.375000 
0.500000 0.500000 0.500000 0.500000 0.500000 0.500000 0.500000 0.500000 0.500000 0.500000 0.500000 0.500000 0.125000 0.125000 0.125000 0.125000 0.125000 0.125000 0.125000 0.125000 0.125000 0.125000 0.125000 0.125000 0.600000 0.600000 0.600000 0.600000 1.000000 0.172414 0.285714 0.375000 
0.500000 0.500000 0.500000 0.500000 0.500000 0.500000 0.500000 0.500000 0.500000 0.500000 0.500000 0.500000 0.000000 0.000000 0.000000 0.000000 0.000000 0.000000 0.000000 0.000000 0.000000 0.000000 0.000000 0.000000 0.771429 0.771429 0.771429 0.771429 1.000000 0.120690 0.178571 0.250000 
0.531690 0.480852 0.562264 0.832276 0.840730 0.531690 0.686520 0.848769 0.028943 0.710195 0.520326 0.421708 0.245967 0.562411 0.230210 0.209873 0.329107 0.455435 0.576686 0.113897 0.516231 0.573358 0.434199 0.491317 0.900222 0.994536 0.814912 0.346394 0.228914 0.215310 0.405384 0.437187 
0.235123 0.225540 0.594965 0.039090 0.383292 0.084458 0.908593 0.460893 0.462405 0.041722 0.113691 0.509583 0.534858 0.647997 0.613450 0.348499 0.363781 0.530813 0.489805 0.250652 0.864125 0.211550 0.887510 0.581820 0.477249 0.265081 0.645217 0.121287 0.901386 0.212211 0.438446 0.363551 
0.866988 0.550473 0.021212 0.256256 0.174867 0.518167 0.059789 0.993114 0.535453 0.315294 0.702673 0.552340 0.337312 0.358864 0.497067 0.668316 0.420525 0.414861 0.627880 0.104530 0.188716 0.214836 0.173892 0.243937 0.473042 0.774493 0.017886 0.014490 0.197070 0.098601 0.268120 0.738182 
0.247350 0.227758 0.413222 0.489791 0.716716 0.213710 0.649688 0.996679 0.597885 0.756130 0.906554 0.483740 0.058038 0.001024 0.218187 0.490827 0.186335 0.026592 0.114994 0.181262 0.437858 0.186263 0.482434 0.300226 0.817066 0.455489 0.707493 0.164012 0.648923 0.060810 0.291643 0.241124 
0.028350 0.465292 0.407381 0.964337 0.505380 0.558041 0.791789 0.136562 0.044366 0.952405 0.311647 0.205139 0.137207 0.188570 0.174207 0.092500 0.465544 0.214827 0.285823 0.387426 0.604246 0.078794 0.421944 0.599525 0.157769 0.140575 0.363845 0.560039 0.364234 0.108303 0.298076 0.513857 
0.756637 0.715745 0.986449 0.850343 0.019513 0.260030 0.248954 0.262314 0.897169 0.543586 0.986501 0.586687 0.686505 0.313927 0.485543 0.130496 0.381699 0.496719 0.233512 0.310736 0.191066 0.053847 0.541289 0.403675 0.784451 0.824918 0.954906 0.490269 0.836177 0.112702 0.411397 0.350660 
0.015903 0.951681 0.850286 0.886136 0.508390 0.332580 0.210553 0.169130 0.761553 0.974410 0.010998 0.388659 0.374057 0.592383 0.281241 0.315751 0.512018 0.556689 0.600128 0.183039 0.613091 0.302303 0.516424 0.120621 0.018544 0.594039 0.974923 0.118841 0.962508 0.729145 0.440179 0.349068 
0.103721 0.287478 0.190787 0.683644 0.775415 0.098303 0.689998 0.181715 0.075801 0.889510 0.987853 0.577565 0.578599 0.393700 0.394913 0.426091 0.493724 0.645272 0.154625 0.591755 0.505858 0.396787 0.443394 0.718235 0.738279 0.722801 0.632417 0.271592 0.114590 0.328705 0.621681 0.205439 
0.710258 0.198638 0.440814 0.273692 0.192875 0.917396 0.224436 0.025762 0.487645 0.364013 0.316063 0.972994 0.821971 0.681470 0.250960 0.482578 0.376630 0.362112 0.488580 0.088380 0.737257 0.430336 0.389446 0.567832 0.673060 0.202756 0.076925 0.964075 0.671006 0.277511 0.433589 0.209249 
0.908541 0.181222 0.565045 0.693664 0.304775 0.427689 0.712781 0.762489 0.844172 0.585792 0.497418 0.516494 0.130554 0.291570 0.506655 0.582755 0.387334 0.809392 0.538700 0.395531 0.493158 0.534738 0.590243 0.308198 0.465474 0.646191 0.226615 0.113001 0.686018 0.315796 0.637539 0.537300 
0.498342 0.368623 0.707942 0.925197 0.473257 0.245579 0.466842 0.870428 0.000628 0.279092 0.075625 0.404434 0.813356 0.526322 0.450065 0.057671 0.667054 0.098212 0.381800 0.131695 0.252770 0.145727 0.493530 0.599159 0.287036 0.910039 0.103319 0.239837 0.843449 0.371398 0.504050 0.093575 
0.950766 0.119768 0.405316 0.976523 0.440785 0.016530 0.085776 0.429521 0.318417 0.890885 0.041275 0.125441 0.228885 0.065259 0.157504 0.531735 0.599988 0.391871 0.695181 0.124519 0.317232 0.024944 0.402847 0.338718 0.714778 0.646073 0.575279 0.508964 0.049621 0.098781 0.413995 0.343530 
0.243539 0.327987 0.748409 0.348844 0.779498 0.981670 0.201973 0.662576 0.484176 0.278551 0.509136 0.697920 0.783547 0.322994 0.597462 0.517356 0.518681 0.565169 0.493915 0.177472 0.664430 0.627802 0.659581 0.383573 0.477324 0.211480 0.816598 0.891790 0.127076 0.204602 0.423785 0.717721 
0.760949 0.311531 0.853232 0.997781 0.640791 0.737763 0.511906 0.676681 0.308118 0.429543 0.675950 0.724669 0.282989 0.078218 0.354222 0.195040 0.068407 0.595454 0.297755 0.468258 0.316993 0.349788 0.628207 0.586404 0.926031 0.922886 0.350301 0.428023 0.163132 0.068027 0.286068 0.160918 
0.035151 0.458412 0.813271 0.066167 0.755986 0.078381 0.350638 0.561184 0.292239 0.835028 0.612136 0.864086 0.092223 0.433046 0.300231 0.230249 0.195420 0.450137 0.138221 0.055398 0.175862 0.064603 0.432823 0.043896 0.985731 0.639708 0.845715 0.415058 0.473059 0.042034 0.238480 0.096711 
0.015763 0.882944 0.368046 0.767080 0.727326 0.368579 0.596611 0.305924 0.597020 0.848022 0.390440 0.100834 0.415239 0.142710 0.567429 0.724562 0.441458 0.220458 0.360906 0.504763 0.465639 0.536607 0.415477 0.315310 0.430755 0.375030 0.774547 0.870146 0.044826 0.106047 0.370465 0.027481 
0.155667 0.762828 0.741155 0.083711 0.092660 0.011654 0.421192 0.382005 0.513179 0.784245 0.347155 0.800179 0.291926 0.158901 0.348221 0.430956 0.095449 0.914375 0.369362 0.261829 0.437964 0.146196 0.550270 0.596770 0.504618 0.394028 0.256218 0.091417 0.435853 0.075370 0.273616 0.772826 
0.673242 0.451537 0.744401 0.791412 0.578140 0.613149 0.627590 0.537282 0.792365 0.476356 0.607056 0.461267 0.369156 0.463375 0.010186 0.435204 0.322881 0.364316 0.762431 0.415156 0.283570 0.594143 0.457032 0.024076 0.707507 0.022529 0.112314 0.933250 0.604412 0.110198 0.386561 0.715758 
0.616500 0.371370 0.109823 0.469146 0.728472 0.598188 0.648223 0.446908 0.836200 0.664666 0.294884 0.538257 0.502215 0.792524 0.669277 0.284706 0.448336 0.474994 0.465903 0.278821 0.483029 0.451416 0.708560 0.314460 0.101748 0.368961 0.858529 0.441252 0.507511 0.266272 0.405822 0.385850 
0.103749 0.037101 0.481306 0.252407 0.381994 0.322615 0.004619 0.353502 0.315923 0.070278 0.602930 0.125428 0.423396 0.606558 0.355812 0.675665 0.547178 0.177219 0.351895 0.666326 0.561074 0.029194 0.052574 0.697290 0.595378 0.037348 0.608961 0.222206 0.270046 0.102799 0.373983 0.027258 
0.548017 0.700897 0.181314 0.540793 0.129392 0.102856 0.083040 0.944017 0.545634 0.389629 0.185021 0.906700 0.660364 0.696861 0.533907 0.201173 0.529936 0.400152 0.452800 0.337222 0.286238 0.549382 0.801160 0.557484 0.532326 0.665372 0.768424 0.922692 0.254021 0.350318 0.417571 0.588534 
0.235200 0.703326 0.344567 0.119585 0.331403 0.889156 0.514075 0.086479 0.640332 0.176166 0.382316 0.870644 0.355055 0.432322 0.151002 0.151281 0.365947 0.787429 0.447669 0.090906 0.185685 0.294227 0.302293 0.655830 0.079068 0.871070 0.701611 0.064672 0.271110 0.033825 0.274308 0.770203 
0.066864 0.131349 0.062929 0.992121 0.378560 0.092647 0.270531 0.788708 0.494375 0.635281 0.608074 0.089596 0.467956 0.423398 0.166859 0.355962 0.457052 0.229979 0.284826 0.115505 0.052875 0.003078 0.200459 0.707017 0.516978 0.371143 0.098992 0.069962 0.841394 0.330293 0.171406 0.732868 
0.107824 0.031885 0.939863 0.056374 0.616743 0.226355 0.756098 0.960307 0.405094 0.821827 0.540405 0.995079 0.124896 0.336413 0.388482 0.533412 0.480917 0.201657 0.023565 0.641436 0.283159 0.091763 0.420997 0.682097 0.023580 0.086511 0.994322 0.176582 0.449485 0.094258 0.414073 0.638058 
0.486381 0.938337 0.108161 0.964430 0.693688 0.684477 0.555662 0.910346 0.565525 0.198803 0.160344 0.551574 0.479864 0.531749 0.418507 0.689363 0.119557 0.847402 0.611659 0.444131 0.383801 0.440054 0.382239 0.665295 0.564187 0.115669 0.242616 0.176130 0.402859 0.434128 0.643430 0.414445 
0.226507 0.839328 0.950104 0.778479 0.465492 0.264377 0.816885 0.416390 0.669593 0.406937 0.740647 0.914146 0.404171 0.186062 0.519862 0.454153 0.585320 0.179401 0.172638 0.173348 0.066294 0.624870 0.846971 0.728484 0.356726 0.505046 0.700220 0.407111 0.575046 0.102729 0.396742 0.343825 
0.761605 0.121349 0.129479 0.137485 0.344657 0.082241 0.732694 0.421674 0.590898 0.165555 0.459549 0.922617 0.692579 0.509237 0.640305 0.375097 0.650393 0.562112 0.303959 0.616811 0.759539 0.767341 0.550352 0.905560 0.009894 0.455705 0.574349 0.522706 0.973551 0.438308 0.445191 0.273941 
0.684446 0.539188 0.947653 0.027101 0.566714 0.888093 0.388773 0.825049 0.463928 0.973481 0.052136 0.310045 0.232552 0.045761 0.606577 0.633601 0.830708 0.222711 0.605845 0.438860 0.016526 0.358882 0.068594 0.212865 0.448621 0.701903 0.625279 0.251374 0.060601 0.058078 0.262096 0.801096 
0.372263 0.190757 0.407968 0.473570 0.686124 0.176475 0.333046 0.144200 0.934519 0.090993 0.987980 0.329806 0.292847 0.251956 0.688694 0.202452 0.103318 0.933520 0.560352 0.133076 0.189401 0.820586 0.584860 0.873120 0.145306 0.601092 0.406485 0.312561 0.136814 0.007455 0.313607 0.271521 
0.799645 0.830248 0.274885 0.841181 0.348264 0.361527 0.503321 0.698466 0.128374 0.059077 0.268657 0.157182 0.153675 0.449153 0.856321 0.362212 0.551023 0.218318 0.381227 0.200318 0.806276 0.301127 0.235431 0.991257 0.286439 0.195016 0.319194 0.771705 0.272625 0.106141 0.359581 0.815766 
0.726381 0.768626 0.229851 0.087343 0.247185 0.030823 0.465084 0.939415 0.619456 0.463053 0.079830 0.717084 0.234979 0.273468 0.562813 0.480265 0.571198 0.749332 0.617223 0.250607 0.460763 0.596331 0.366984 0.193741 0.689299 0.060306 0.489588 0.760854 0.236551 0.214785 0.401523 0.303520 
0.037818 0.279572 0.991064 0.678850 0.079254 0.116345 0.256057 0.599514 0.479812 0.420101 0.598823 0.622585 0.157032 0.361899 0.487549 0.624533 0.234703 0.327717 0.162510 0.481502 0.803528 0.049948 0.021879 0.733531 0.398803 0.834470 0.577790 0.641188 0.831943 0.123722 0.374197 0.120226 
0.020625 0.002859 0.994370 0.169207 0.254868 0.179501 0.967112 0.515014 0.934471 0.297875 0.271159 0.581396 0.605191 0.051826 0.454057 0.661064 0.767053 0.203185 0.136263 0.213752 0.558365 0.090836 0.367579 0.717926 0.411492 0.026808 0.923323 0.012601 0.704661 0.092286 0.404096 0.630927 
0.057613 0.039510 0.929994 0.722061 0.733105 0.259476 0.640098 0.891655 0.158039 0.030768 0.561521 0.249438 0.431692 0.338281 0.286733 0.085130 0.428635 0.693513 0.426833 0.236347 0.032851 0.440016 0.096965 0.278896 0.155607 0.705979 0.441151 0.309483 0.288017 0.072364 0.242615 0.802795 
0.394668 0.923165 0.454062 0.413243 0.238495 0.712428 0.102439 0.048298 0.344061 0.805516 0.835293 0.575196 0.126956 0.349749 0.578422 0.612036 0.719996 0.818104 0.343534 0.717070 0.236762 0.133337 0.364362 0.745328 0.722630 0.758076 0.737140 0.814792 0.105016 0.112414 0.416365 0.397449 
0.310791 0.419125 0.048468 0.605463 0.695590 0.648882 0.857255 0.272002 0.975757 0.933860 0.644358 0.931105 0.783944 0.525674 0.504564 0.532025 0.878551 0.213134 0.472456 0.395759 0.318523 0.467630 0.418625 0.347183 0.468359 0.905860 0.696261 0.789530 0.900544 0.340435 0.582890 0.120603 
0.405645 0.219182 0.655769 0.161432 0.368469 0.963627 0.526823 0.651921 0.382940 0.866920 0.986754 0.834088 0.050288 0.305623 0.541928 0.003064 0.017376 0.585186 0.342131 0.378008 0.193043 0.076779 0.082191 0.513753 0.056441 0.947069 0.793905 0.692400 0.387767 0.051176 0.266736 0.833928 
0.690949 0.977544 0.062489 0.731881 0.185394 0.825680 0.372012 0.570527 0.551312 0.026935 0.636450 0.979430 0.297650 0.484385 0.918994 0.217468 0.089563 0.789295 0.773377 0.288744 0.919500 0.356244 0.912717 0.605660 0.956729 0.208864 0.196259 0.874078 0.944454 0.260513 0.427444 0.371622 
0.558798 0.928185 0.751051 0.885979 0.334290 0.963067 0.436388 0.173985 0.546645 0.863368 0.366764 0.180508 0.546524 0.342765 0.790432 0.487895 0.363146 0.255224 0.531543 0.025400 0.756491 0.319931 0.334281 0.151993 0.439541 0.719769 0.911233 0.115004 0.137606 0.110335 0.408759 0.194296 
0.949386 0.835598 0.010897 0.844731 0.744657 0.381851 0.152710 0.716330 0.150782 0.910564 0.696743 0.902445 0.367043 0.395570 0.216991 0.611008 0.634506 0.160623 0.347057 0.330424 0.466715 0.679039 0.662315 0.880597 0.314150 0.519639 0.900705 0.716887 0.676124 0.098642 0.396425 0.076496 
0.599963 0.950056 0.515899 0.495538 0.757687 0.416166 0.434188 0.259642 0.460500 0.415760 0.463718 0.459774 0.187376 0.375114 0.715693 0.189041 0.228707 0.573944 0.426214 0.119735 0.306585 0.411120 0.382115 0.567253 0.061655 0.238206 0.983675 0.500141 0.523247 0.091755 0.363684 0.220643 
0.023867 0.930316 0.547294 0.847365 0.889600 0.626259 0.654180 0.944955 0.340674 0.227508 0.297547 0.882453 0.362535 0.023492 0.495085 0.221774 0.384859 0.860474 0.246516 0.353836 0.072410 0.217945 0.306784 0.149102 0.986289 0.696929 0.842592 0.934328 0.342360 0.043557 0.283923 0.804972 
0.448705 0.854395 0.932223 0.701323 0.422824 0.416354 0.679660 0.578527 0.487638 0.999084 0.672494 0.349231 0.633059 0.216957 0.709947 0.622254 0.539518 0.243105 0.154252 0.197683 0.512896 0.508989 0.158398 0.886716 0.711158 0.300417 0.952221 0.906048 0.932191 0.080964 0.390892 0.374038 
0.067711 0.213559 0.370854 0.386839 0.368671 0.415839 0.578722 0.938617 0.341895 0.582149 0.167601 0.542156 0.343513 0.259830 0.487247 0.825986 0.547310 0.299960 0.619479 0.711921 0.491741 0.591504 0.333063 0.621936 0.761541 0.696599 0.832365 0.795184 0.664099 0.723813 0.442971 0.688016 
0.030398 0.521111 0.052264 0.713395 0.758208 0.470619 0.835198 0.420908 0.983221 0.826301 0.758490 0.608438 0.252485 0.403144 0.394135 0.719367 0.330514 0.764590 0.205162 0.542546 0.394528 0.728950 0.712896 0.717568 0.807430 0.842628 0.576700 0.222326 0.750837 0.112793 0.397000 0.152267 
0.739167 0.459671 0.213970 0.713414 0.079604 0.670957 0.132929 0.492481 0.412670 0.754348 0.418573 0.565699 0.271900 0.219007 0.157374 0.117045 0.074777 0.319322 0.500631 0.472155 0.371827 0.264175 0.240498 0.178754 0.091821 0.063442 0.962327 0.261543 0.734382 0.027883 0.210762 0.502541 
0.536207 0.044932 0.678326 0.984048 0.794445 0.944873 0.261199 0.167476 0.591432 0.410277 0.812372 0.573531 0.888943 0.354125 0.027392 0.972361 0.739647 0.624056 0.700812 0.493968 0.079959 0.055626 0.742587 0.156138 0.172225 0.671334 0.236301 0.190664 0.398305 0.783485 0.387652 0.390433 
0.970406 0.525227 0.371223 0.611067 0.234411 0.460546 0.963184 0.221384 0.911843 0.588471 0.049612 0.057619 0.525197 0.511892 0.041700 0.004810 0.371169 0.921102 0.525957 0.968998 0.948747 0.576906 0.482165 0.308642 0.438048 0.361499 0.909021 0.311782 0.386958 0.615083 0.697494 0.831849 
0.485557 0.306335 0.488099 0.204977 0.676329 0.396810 0.906281 0.753087 0.917420 0.475030 0.419920 0.363784 0.073987 0.817936 0.881247 0.975185 0.648750 0.016674 0.422970 0.331873 0.112854 0.457733 0.864113 0.253930 0.895257 0.494555 0.736058 0.194391 0.488317 0.246700 0.718676 0.936720 
0.425751 0.102351 0.372981 0.835613 0.824654 0.195487 0.596425 0.955672 0.615555 0.156285 0.246438 0.331477 0.505737 0.420732 0.675389 0.074709 0.392908 0.912913 0.699073 0.256110 0.935108 0.815394 0.261059 0.062743 0.584457 0.710100 0.490392 0.816212 0.329896 0.396356 0.967184 0.045717 
0.220314 0.320335 0.104975 0.479820 0.547050 0.603847 0.085583 0.379596 0.210243 0.671592 0.201257 0.571572 0.149549 0.798625 0.075417 0.441748 0.319587 0.855684 0.595971 0.082708 0.426222 0.548490 0.568578 0.839887 0.896603 0.426213 0.035665 0.414790 0.884381 0.102184 0.359872 0.875012 
0.176936 0.864365 0.202189 0.210304 0.475442 0.169787 0.734362 0.992421 0.459071 0.960169 0.770788 0.760200 0.810388 0.710876 0.734343 0.538510 0.702062 0.108040 0.282010 0.790598 0.158139 0.109193 0.514689 0.284124 0.524894 0.927268 0.501219 0.287848 0.242700 0.000016 0.732449 0.728317 
0.507203 0.613488 0.478458 0.471876 0.116826 0.328815 0.147147 0.884603 0.372348 0.919242 0.792954 0.254239 0.883696 0.147848 0.639666 0.753405 0.213397 0.158644 0.622983 0.939793 0.724120 0.023189 0.647075 0.332208 0.232670 0.108189 0.450259 0.196156 0.530365 0.621423 0.559863 0.370227 
0.831430 0.712464 0.025630 0.342009 0.694304 0.482770 0.759681 0.170179 0.992723 0.265454 0.571889 0.650930 0.827889 0.845134 0.346013 0.458492 0.495375 0.953717 0.122527 0.128254 0.676561 0.821820 0.991011 0.684356 0.329387 0.203819 0.191474 0.107671 0.496236 0.822756 0.161781 0.079854 
0.797838 0.140142 0.064732 0.500692 0.183691 0.938511 0.763925 0.570932 0.340378 0.288132 0.354007 0.847785 0.147508 0.601725 0.001429 0.452026 0.399669 0.846181 0.470767 0.528449 0.402161 0.618426 0.930175 0.974878 0.860592 0.187340 0.414679 0.651407 0.171996 0.912499 0.672906 0.891143 
0.170716 0.383898 0.256866 0.781189 0.614693 0.182296 0.699137 0.939864 0.000855 0.368640 0.501105 0.698155 0.747524 0.996094 0.523115 0.593327 0.182416 0.086321 0.486681 0.333470 0.101622 0.983550 0.447703 0.295043 0.274615 0.217357 0.904552 0.021962 0.555896 0.786843 0.020562 0.637400 
0.169522 0.261433 0.047614 0.842593 0.752189 0.394783 0.030449 0.818375 0.172660 0.059872 0.708378 0.012355 0.923893 0.897055 0.732385 0.582978 0.166355 0.247638 0.679867 0.913384 0.090340 0.947472 0.570278 0.752944 0.505528 0.555268 0.369129 0.719065 0.184739 0.834524 0.328214 0.673391 
0.305210 0.808502 0.870806 0.753751 0.047465 0.922440 0.185408 0.617916 0.788525 0.706049 0.418607 0.723404 0.877023 0.106822 0.315460 0.580915 0.200524 0.167238 0.668390 0.482217 0.967158 0.316384 0.234959 0.505358 0.005403 0.857751 0.529768 0.703481 0.378421 0.069384 0.501255 0.162385 
