-0.019753 57.923600 -0.000117 -0.132393 0.738000 0.102435 5.738000 54.262000 1.000000 
-0.065395 75.376800 -0.000246 -0.143855 -38.883000 0.004864 53.883000 6.117000 1.000000 
-0.037138 68.071200 -0.000245 -0.132613 1.742000 0.016657 6.742000 53.258000 1.000000 
-0.072962 75.138200 -0.000198 -0.144344 -40.768000 0.102003 55.768000 4.232000 1.000000 
-0.134532 76.949800 -0.000504 -0.140403 -25.210000 0.100453 40.210000 19.790000 1.000000 
-0.044365 64.531000 -0.000045 -0.137512 -1.767000 0.141008 3.233000 56.767000 1.000000 
-0.036016 61.261700 -0.000132 -0.137510 -1.775000 0.152249 3.225000 56.775000 1.000000 
-0.026212 51.266100 -0.000081 -0.137451 -2.026000 0.184065 2.974000 57.026000 1.000000 
-0.026803 51.352700 -0.000106 -0.137438 -2.082000 0.174004 2.918000 57.082000 1.000000 
-0.080540 74.203100 -0.000270 -0.070411 -21.903000 0.099791 36.903000 23.097000 1.000000 
-0.082394 69.688500 -0.000389 -0.069709 -16.189000 0.088096 31.189000 28.811000 1.000000 
-0.051626 66.710400 -0.000304 -0.102642 0.443000 0.111182 5.443000 54.557000 1.000000 
-0.054850 61.199100 -0.000296 -0.101117 1.627000 0.087405 6.627000 53.373000 1.000000 
-0.041559 65.399400 -0.000158 -0.121963 -0.342000 0.135349 4.658000 55.342000 1.000000 
-0.041254 55.177900 -0.000213 -0.121802 -1.124000 0.169264 3.876000 56.124000 1.000000 
-0.068158 66.667300 -0.000437 -0.124092 -0.217000 0.134089 4.783000 55.217000 1.000000 
-0.112984 70.558900 -0.000274 -0.073785 -32.886000 0.092086 47.886000 12.114000 1.000000 
-0.035986 67.008600 -0.000043 -0.083341 -0.946000 0.119834 4.054000 55.946000 1.000000 
-0.054818 72.180600 -0.000216 -0.046152 -37.983000 0.079829 52.983000 7.017000 1.000000 
-0.053551 72.365800 -0.000274 -0.056095 -15.276000 0.070296 30.276000 29.724000 1.000000 
-0.047273 71.635200 -0.000155 -0.039939 -24.144000 0.023657 39.144000 20.856000 1.000000 
-0.054083 72.706800 -0.000271 -0.046945 -12.639000 0.031539 27.639000 32.361000 1.000000 
-0.088438 73.497100 -0.000160 -0.060543 -33.237000 0.025002 48.237000 11.763000 1.000000 
-0.040893 69.050100 -0.000230 -0.057199 1.565000 0.091355 6.565000 53.435000 1.000000 
-0.045111 67.048500 -0.000243 -0.065504 0.993000 0.101075 5.993000 54.007000 1.000000 
-0.038529 64.894000 -0.000103 -0.065368 -0.205000 0.122439 4.795000 55.205000 1.000000 
-0.072844 74.477500 -0.000373 -0.072057 -19.884000 0.097948 34.884000 25.116000 1.000000 
-0.078459 74.634600 -0.000274 -0.072711 -34.879000 0.096603 49.879000 10.121000 1.000000 
-0.047370 64.222300 -0.000138 -0.083377 -0.699000 0.143404 4.301000 55.699000 1.000000 
-0.041638 60.765200 -0.000192 -0.114323 0.194000 0.140633 5.194000 54.806000 1.000000 
-0.022386 46.303300 -0.000065 -0.148818 -1.326000 0.206886 3.674000 56.326000 1.000000 
-0.057151 71.957300 -0.000247 -0.040081 -21.131000 0.065960 36.131000 23.869000 1.000000 
-0.188903 73.708600 -0.000737 -0.123181 -35.311000 0.084498 50.311000 9.689000 1.000000 
-0.080519 74.461400 -0.000277 -0.097573 -30.417000 0.104784 45.417000 14.583000 1.000000 
-0.198656 66.096800 -0.000215 -0.119148 -135.139000 0.079803 150.139000 -90.139000 1.000000 
-0.114196 69.683300 -0.000543 -0.060007 -141.722000 0.071173 156.722000 -96.722000 1.000000 
-0.171899 64.776500 -0.000348 -0.087946 -99.708000 0.004055 114.708000 -54.708000 1.000000 
-0.037987 54.716600 -0.004200 -0.087434 -4.735000 0.083645 0.265000 59.735000 -1.000000 
-0.161823 62.997900 -0.014760 -0.106709 -16.459000 0.080362 31.459000 28.541000 -1.000000 
-0.163348 62.405000 -0.000148 -0.129098 -166.856000 0.026732 181.856000 -121.856000 1.000000 
-0.199146 67.832400 -0.000300 -0.127606 -108.455000 0.060071 123.455000 -63.455000 1.000000 
-0.061549 68.330200 -0.007200 -0.114142 4.249000 -0.105946 9.249000 50.751000 -1.000000 
-0.038278 66.544100 -0.000146 -0.097794 -1.725000 0.145191 3.275000 56.725000 1.000000 
-0.017189 45.247500 -0.002160 -0.111881 -3.273000 0.154260 18.273000 41.727000 -1.000000 
-0.154526 73.972400 -0.000843 -0.104797 -60.636000 0.104269 75.636000 -15.636000 1.000000 
-0.084280 67.233300 -0.007440 -0.091058 -15.526000 0.125215 30.526000 29.474000 -1.000000 
-0.024422 37.077600 -0.000014 -0.101937 -0.942000 0.243745 4.058000 55.942000 1.000000 
-0.025777 45.224000 -0.000018 -0.066081 -1.895000 0.187143 3.105000 56.895000 1.000000 
-0.095440 63.175600 -0.000290 -0.116079 -50.171000 0.097672 65.171000 -5.171000 1.000000 
-0.058589 58.983200 -0.000216 -0.095591 -0.725000 0.155269 4.275000 55.725000 1.000000 
-0.059529 60.442000 -0.006120 -0.080213 2.199000 0.055362 12.801000 47.199000 -1.000000 
-0.239917 31.780400 -0.017520 -0.172244 -326.124000 0.062502 341.124000 -281.124000 -1.000000 
-0.159754 66.851200 -0.000276 -0.071541 -109.320000 -0.028944 124.320000 -64.320000 1.000000 
-0.153775 64.247300 -0.000167 -0.087725 -150.427000 0.059052 165.427000 -105.427000 1.000000 
-0.190860 72.670800 -0.000298 -0.096153 -92.716000 0.095458 107.716000 -47.716000 1.000000 
-0.139188 76.224500 -0.012480 -0.109859 -60.206000 0.080624 75.206000 -15.206000 -1.000000 
-0.087735 56.158000 -0.007320 -0.075378 -16.383000 0.120581 31.383000 28.617000 -1.000000 
-0.098930 70.204700 -0.008400 -0.097360 -51.383000 0.058847 66.383000 -6.383000 -1.000000 
-0.089794 78.132000 -0.002239 -0.084234 4.909000 0.081193 9.909000 50.091000 1.000000 
-0.162694 -20.902600 -0.004320 -0.096641 -22.772000 -1.355570 37.772000 22.228000 -1.000000 
-0.112856 70.188700 -0.000169 -0.113604 -50.089000 0.091546 65.089000 -5.089000 1.000000 
-0.165641 74.613900 -0.014400 -0.138958 -43.072000 -0.037285 58.072000 1.928000 -1.000000 
-0.031189 50.515300 -0.000028 -0.106747 -2.067000 0.193723 2.933000 57.067000 1.000000 
-0.017136 43.405900 -0.001800 -0.080291 4.611000 0.208398 9.611000 50.389000 -1.000000 
-0.055716 64.684000 -0.005640 -0.094594 -7.024000 0.134607 22.024000 37.976000 -1.000000 
-0.041484 46.311400 -0.000154 -0.075643 -1.101000 0.205418 3.899000 56.101000 1.000000 
-0.198839 69.494600 -0.000169 -0.114426 -127.837000 0.084325 142.837000 -82.837000 1.000000 
-0.018082 47.809200 -0.000138 -0.104349 1.829000 0.210256 13.171000 46.829000 1.000000 
-0.129124 73.926400 -0.011400 -0.103767 -27.200000 0.082230 42.200000 17.800000 -1.000000 
-0.022035 25.655000 -0.000113 -0.090699 -3.399000 0.359795 1.601000 58.399000 1.000000 
-0.150662 70.324600 -0.012480 -0.099209 -107.059000 0.061855 122.059000 -62.059000 -1.000000 
-0.184034 46.811100 -0.012600 -0.180683 -259.052000 0.051872 274.052000 -214.052000 -1.000000 
-0.164695 55.907200 -0.000122 -0.115860 -234.369000 -0.076952 249.369000 -189.369000 1.000000 
-0.095028 77.798000 -0.000083 -0.111284 -2.135000 0.104508 2.865000 57.135000 1.000000 
-0.041041 73.405000 -0.001101 -0.111185 1.397000 0.041169 6.397000 53.603000 1.000000 
-0.186851 70.105800 -0.000482 -0.102578 -61.719000 -0.008821 76.719000 -16.719000 1.000000 
-0.137729 57.623300 -0.009720 -0.092971 4.316000 -0.115794 10.684000 49.316000 -1.000000 
-0.161595 50.477600 -0.011400 -0.152177 -263.435000 0.047450 278.435000 -218.435000 -1.000000 
-0.143617 60.673200 -0.000685 -0.091864 -64.941000 0.103027 79.941000 -19.941000 1.000000 
-0.032323 47.871700 -0.003720 -0.099067 -5.508000 0.130682 -0.508000 60.508000 -1.000000 
-0.211582 48.862300 -0.000149 -0.085066 -203.243000 0.046955 218.243000 -158.243000 1.000000 
-0.044787 23.685200 -0.002520 -0.106602 -6.594000 0.329144 -1.594000 61.594000 -1.000000 
-0.172932 70.371500 -0.000360 -0.108044 -77.417000 0.053851 92.417000 -32.417000 1.000000 
-0.088336 69.348100 -0.007800 -0.117260 -35.094000 0.111484 50.094000 9.906000 -1.000000 
-0.018993 42.361900 -0.000149 -0.098236 3.477000 0.218127 8.477000 51.523000 1.000000 
-0.135151 74.506300 -0.000309 -0.110127 -34.751000 0.074274 49.751000 10.249000 1.000000 
-0.049808 63.632600 -0.000333 -0.104331 -0.508000 0.131552 4.492000 55.508000 1.000000 
-0.100220 67.615300 -0.009240 -0.104235 -13.973000 0.117310 28.973000 31.027000 -1.000000 
-0.012120 69.479800 -0.001920 -0.086508 1.881000 0.133464 13.119000 46.881000 -1.000000 
-0.056045 144.595000 -0.002640 -0.055504 -11.573000 -0.102897 -6.573000 66.573000 -1.000000 
-0.148724 70.604000 -0.000363 -0.068260 -96.046000 0.101094 111.046000 -51.046000 1.000000 
-0.111726 73.239000 -0.000264 -0.095255 -102.141000 0.106620 117.141000 -57.141000 1.000000 
-0.104246 67.186800 -0.000394 -0.092969 -125.210000 0.058393 140.210000 -80.210000 1.000000 
-0.249986 35.172300 -0.017400 -0.199892 -314.868000 0.065921 329.868000 -269.868000 -1.000000 
-0.081219 65.558700 -0.000215 -0.083915 -53.253000 0.047485 68.253000 -8.253000 1.000000 
-0.188411 69.563300 -0.000348 -0.110314 -49.696000 0.034718 64.696000 -4.696000 1.000000 
-0.108484 74.041300 -0.008880 -0.089231 -58.103000 0.039714 73.103000 -13.103000 -1.000000 
-0.073480 67.903800 -0.007920 -0.126355 4.349000 0.107111 9.349000 50.651000 -1.000000 
-0.055732 -22.034600 -0.002040 -0.106635 -2.944000 -0.569198 17.944000 42.056000 -1.000000 
-0.121984 72.137400 -0.000619 -0.073230 -32.892000 0.087320 47.892000 12.108000 1.000000 
-0.074768 66.158200 -0.000515 -0.089442 2.562000 0.106296 7.562000 52.438000 1.000000 
-0.199439 61.623900 -0.000176 -0.111979 -167.416000 0.042373 182.416000 -122.416000 1.000000 
-0.195096 71.579800 -0.000292 -0.137217 -99.434000 0.089270 114.434000 -54.434000 1.000000 
-0.035040 69.565800 -0.004200 -0.098557 -0.275000 0.137979 15.275000 44.725000 -1.000000 
-0.229650 32.680200 -0.016320 -0.231274 -352.320000 0.047925 367.320000 -307.320000 -1.000000 
-0.058105 67.447800 -0.006960 -0.117414 1.183000 0.139890 13.817000 46.183000 -1.000000 
-0.029174 54.331200 -0.002640 -0.124328 -15.198000 0.022954 -10.198000 70.198000 -1.000000 
-0.023909 58.559200 -0.003120 -0.101300 -2.954000 0.158083 17.954000 42.046000 -1.000000 
-0.191982 69.134300 -0.000381 -0.117275 -97.608000 0.077459 112.608000 -52.608000 1.000000 
-0.096995 66.216300 -0.007680 -0.084627 -50.617000 0.113263 65.617000 -5.617000 -1.000000 
-0.041115 65.506700 -0.000032 -0.108614 -2.148000 0.138656 2.852000 57.148000 1.000000 
-0.141478 71.983600 -0.000251 -0.090550 -76.413000 0.067404 91.413000 -31.413000 1.000000 
-0.008283 41.098500 -0.000070 -0.091691 0.747000 0.245325 14.253000 45.747000 1.000000 
-0.167747 64.916800 -0.014400 -0.103938 -183.201000 -0.160586 198.201000 -138.201000 -1.000000 
-0.149357 69.954900 -0.000713 -0.092318 -124.306000 0.058161 139.306000 -79.306000 1.000000 
-0.137711 78.881100 -0.002151 -0.112235 -12.936000 0.053010 27.936000 32.064000 1.000000 
-0.020740 51.060200 -0.000108 -0.118133 0.144000 0.195137 5.144000 54.856000 1.000000 
-0.092173 76.246900 -0.000498 -0.088002 -45.015000 0.112406 60.015000 -0.015000 1.000000 
-0.078449 72.592300 -0.007440 -0.100248 4.526000 -0.044431 10.474000 49.526000 -1.000000 
-0.115878 68.728300 -0.000232 -0.102974 -42.038000 0.094738 57.038000 2.962000 1.000000 
-0.053983 64.855400 -0.006120 -0.104936 -4.636000 0.138716 19.636000 40.364000 -1.000000 
-0.067879 60.184300 -0.000289 -0.079895 -0.742000 0.151012 4.258000 55.742000 1.000000 
-0.138236 78.893400 -0.000479 -0.096833 -40.925000 -0.111841 55.925000 4.075000 1.000000 
-0.144772 69.574300 -0.013080 -0.083209 -66.790000 0.092800 81.790000 -21.790000 -1.000000 
-0.031649 51.107300 -0.003240 -0.095176 -17.122000 0.179848 32.122000 27.878000 -1.000000 
-0.019192 19.704700 -0.000073 -0.097685 0.347000 0.468545 5.347000 54.653000 1.000000 
-0.188473 63.046800 -0.000318 -0.065964 -104.144000 0.080680 119.144000 -59.144000 1.000000 
-0.205622 47.676200 -0.000083 -0.121102 -247.176000 0.048772 262.176000 -202.176000 1.000000 
-0.050398 59.493500 -0.000076 -0.105834 -2.596000 0.155143 2.404000 57.596000 1.000000 
-0.198412 65.929800 -0.000245 -0.134960 -98.013000 0.021511 113.013000 -53.013000 1.000000 
-0.186171 68.505300 -0.016080 -0.109450 -80.177000 0.017939 95.177000 -35.177000 -1.000000 
-0.075505 72.643500 -0.001961 -0.077014 3.092000 0.052073 8.092000 51.908000 1.000000 
-0.158280 71.636300 -0.000386 -0.112938 -61.446000 0.087351 76.446000 -16.446000 1.000000 
-0.070740 75.936800 -0.001641 -0.087420 2.197000 0.090728 7.197000 52.803000 1.000000 
-0.206688 61.027200 -0.000630 -0.113784 -200.179000 0.092516 215.179000 -155.179000 1.000000 
-0.171432 69.435200 -0.000247 -0.122974 -88.841000 0.082522 103.841000 -43.841000 1.000000 
-0.065408 78.842200 -0.001721 -0.087283 2.986000 0.069888 7.986000 52.014000 1.000000 
-0.091079 70.389800 -0.000355 -0.088751 -54.161000 0.095507 69.161000 -9.161000 1.000000 
-0.016908 62.166200 -0.000132 -0.072464 2.123000 0.158560 7.123000 52.877000 1.000000 
-0.033423 49.594400 -0.000218 -0.077382 4.697000 0.067487 9.697000 50.303000 1.000000 
-0.181248 68.975400 -0.000178 -0.094219 -131.776000 -0.219150 146.776000 -86.776000 1.000000 
-0.206767 60.726400 -0.000344 -0.108341 -136.491000 0.085718 151.491000 -91.491000 1.000000 
-0.044223 68.236500 -0.000052 -0.104159 -2.604000 0.143106 2.396000 57.604000 1.000000 
-0.047486 72.844500 -0.000192 -0.090895 -1.688000 0.112031 3.312000 56.688000 1.000000 
-0.132522 81.404700 -0.003742 -0.125600 2.676000 0.067457 7.676000 52.324000 1.000000 
-0.201944 73.999500 -0.000313 -0.131080 -91.232000 0.080803 106.232000 -46.232000 1.000000 
-0.186280 71.131500 -0.000153 -0.117365 -110.816000 -0.089874 125.816000 -65.816000 1.000000 
-0.063937 73.247300 -0.005280 -0.072866 -14.580000 0.088083 29.580000 30.420000 -1.000000 
-0.082333 73.350500 -0.001804 -0.122669 -6.753000 0.116496 21.753000 38.247000 1.000000 
-0.184805 70.753900 -0.016080 -0.119622 -63.341000 -0.148669 78.341000 -18.341000 -1.000000 
-0.181085 67.319300 -0.000302 -0.113157 -130.161000 0.085701 145.161000 -85.161000 1.000000 
-0.076989 27.145700 -0.005160 -0.103264 -4.772000 0.045474 0.228000 59.772000 -1.000000 
-0.127009 77.452300 -0.000288 -0.105055 -53.391000 0.098489 68.391000 -8.391000 1.000000 
-0.110415 65.741500 -0.000488 -0.099762 -35.692000 0.099788 50.692000 9.308000 1.000000 
-0.061876 69.395800 -0.000470 -0.092633 1.371000 0.089391 6.371000 53.629000 1.000000 
-0.063551 68.392900 -0.000114 -0.092823 -2.363000 0.126113 2.637000 57.363000 1.000000 
-0.191660 68.419600 -0.000238 -0.096712 -140.565000 0.052518 155.565000 -95.565000 1.000000 
-0.099425 65.386000 -0.000478 -0.096653 -74.407000 0.099944 89.407000 -29.407000 1.000000 
-0.205210 56.571800 -0.000133 -0.097918 -206.390000 -0.269060 221.390000 -161.390000 1.000000 
-0.221715 50.505900 -0.000240 -0.141760 -248.703000 0.046191 263.703000 -203.703000 1.000000 
-0.087619 61.403700 -0.000077 -0.075785 -79.624000 -0.008184 94.624000 -34.624000 1.000000 
-0.132403 71.597900 -0.000303 -0.076558 -45.579000 -0.105470 60.579000 -0.579000 1.000000 
-0.191579 57.016300 -0.000922 -0.109939 -170.693000 0.067462 185.693000 -125.693000 1.000000 
-0.031288 49.032900 -0.000159 -0.090768 -0.514000 0.190142 4.486000 55.514000 1.000000 
-0.195284 68.938100 -0.000296 -0.135204 -72.056000 0.065528 87.056000 -27.056000 1.000000 
-0.037227 47.506600 -0.004560 -0.115472 -5.133000 0.194246 20.133000 39.867000 -1.000000 
-0.043165 59.722800 -0.000171 -0.086456 -2.507000 0.148066 2.493000 57.507000 1.000000 
-0.025042 46.119600 -0.000012 -0.089547 -1.768000 0.203541 3.232000 56.768000 1.000000 
-0.126594 64.165700 -0.000125 -0.093998 -156.052000 0.092120 171.052000 -111.052000 1.000000 
-0.132326 70.834800 -0.000388 -0.111485 -62.840000 0.103231 77.840000 -17.840000 1.000000 
-0.146425 77.896200 -0.000912 -0.100307 -31.636000 0.071438 46.636000 13.364000 1.000000 
-0.123537 77.570100 -0.000120 -0.083169 -56.338000 0.061731 71.338000 -11.338000 1.000000 
-0.114771 66.588000 -0.012240 -0.140940 -2.384000 0.103883 17.384000 42.616000 -1.000000 
-0.042518 63.802700 -0.000243 -0.114359 -0.628000 0.148524 4.372000 55.628000 1.000000 
-0.034221 44.559900 -0.000074 -0.110904 -1.094000 0.223879 3.906000 56.094000 1.000000 
-0.025366 46.230200 -0.000164 -0.085991 1.569000 0.203568 6.569000 53.431000 1.000000 
-0.024672 62.559600 -0.003120 -0.090938 -0.795000 0.155668 15.795000 44.205000 -1.000000 
-0.161946 55.112500 -0.000282 -0.125755 -172.282000 0.093466 187.282000 -127.282000 1.000000 
-0.084382 70.940800 -0.000454 -0.137369 -0.535000 0.067350 4.465000 55.535000 1.000000 
-0.176494 73.453100 -0.000975 -0.120363 -24.966000 0.090910 39.966000 20.034000 1.000000 
-0.081741 76.708100 -0.001845 -0.119706 -1.941000 0.029407 16.941000 43.059000 1.000000 
-0.142555 57.698600 -0.011280 -0.108673 -193.798000 0.080975 208.798000 -148.798000 -1.000000 
-0.153529 64.347500 -0.012600 -0.138916 -112.326000 0.090696 127.326000 -67.326000 -1.000000 
-0.157707 51.389200 -0.000291 -0.131784 -183.802000 0.095785 198.802000 -138.802000 1.000000 
-0.054018 60.293000 -0.005520 -0.074189 2.253000 0.143213 12.747000 47.253000 -1.000000 
-0.128594 72.016800 -0.011400 -0.111876 -7.407000 0.054142 22.407000 37.593000 -1.000000 
-0.207688 59.241400 -0.000238 -0.109969 -120.332000 -0.403469 135.332000 -75.332000 1.000000 
-0.215709 40.619000 -0.014640 -0.232295 -266.475000 -0.010176 281.475000 -221.475000 -1.000000 
-0.034628 25.279000 -0.002280 -0.098124 2.936000 0.260354 12.064000 47.936000 -1.000000 
-0.127625 72.082800 -0.001071 -0.090906 -20.783000 0.112497 35.783000 24.217000 1.000000 
-0.179800 71.161900 -0.000679 -0.107184 -38.540000 0.087823 53.540000 6.460000 1.000000 
-0.061126 57.448200 -0.000139 -0.079305 -1.168000 0.123588 3.832000 56.168000 1.000000 
-0.027178 60.295500 -0.000057 -0.107963 -1.680000 0.159908 3.320000 56.680000 1.000000 
-0.158100 56.317500 -0.000523 -0.122685 -147.563000 0.099694 162.563000 -102.563000 1.000000 
-0.032521 65.065300 -0.000089 -0.100600 -1.539000 0.125359 3.461000 56.539000 1.000000 
-0.136056 72.086100 -0.000726 -0.107970 -26.699000 0.078038 41.699000 18.301000 1.000000 
-0.022613 57.706800 -0.000053 -0.143348 -3.083000 0.167864 1.917000 58.083000 1.000000 
-0.134785 68.111600 -0.011400 -0.085455 -46.918000 0.087938 61.918000 -1.918000 -1.000000 
-0.013644 50.061600 -0.000108 -0.090592 3.920000 0.184686 8.920000 51.080000 1.000000 
-0.032537 53.267600 -0.000022 -0.090618 -2.214000 0.137159 2.786000 57.214000 1.000000 
-0.116324 76.160000 -0.010320 -0.095908 -21.748000 0.114269 36.748000 23.252000 -1.000000 
-0.074452 61.329400 -0.008640 -0.080339 4.894000 0.118049 9.894000 50.106000 -1.000000 
-0.026314 55.516800 -0.000212 -0.076618 3.536000 0.172946 8.536000 51.464000 1.000000 
-0.048457 55.176200 -0.000318 -0.084604 0.017000 0.167906 5.017000 54.983000 1.000000 
-0.039926 67.739000 -0.004560 -0.064556 -7.065000 0.137989 22.065000 37.935000 -1.000000 
-0.139274 26.095500 -0.005640 -0.121589 4.225000 -0.761090 9.225000 50.775000 -1.000000 
-0.042103 57.476000 -0.000032 -0.097828 -2.209000 0.142772 2.791000 57.209000 1.000000 
-0.038596 60.106300 -0.000246 -0.116249 0.050000 0.163720 5.050000 54.950000 1.000000 
-0.113183 77.781200 -0.010320 -0.090703 -16.543000 0.078221 31.543000 28.457000 -1.000000 
-0.058168 60.493700 -0.005760 -0.098856 -2.567000 0.139518 17.567000 42.433000 -1.000000 
-0.066308 75.121600 -0.000483 -0.072744 0.878000 0.104208 5.878000 54.122000 1.000000 
-0.056043 69.047400 -0.000117 -0.123445 -2.056000 0.135037 2.944000 57.056000 1.000000 
-0.029257 63.678000 -0.000105 -0.101650 -2.392000 0.134352 2.608000 57.392000 1.000000 
-0.189104 71.783500 -0.000403 -0.132455 -71.716000 0.091235 86.716000 -26.716000 1.000000 
-0.097814 69.529900 -0.009720 -0.117912 -4.816000 0.090542 19.816000 40.184000 -1.000000 
-0.016927 50.445900 -0.000051 -0.053179 0.865000 0.180361 5.865000 54.135000 1.000000 
-0.083685 81.325400 -0.001917 -0.116761 2.613000 0.011812 7.613000 52.387000 1.000000 
-0.051748 65.658300 -0.006360 -0.097665 3.864000 0.126466 11.136000 48.864000 -1.000000 
-0.013745 32.880600 -0.000087 -0.089720 3.127000 0.294520 8.127000 51.873000 1.000000 
-0.184658 67.316800 -0.000207 -0.124019 -75.235000 0.086673 90.235000 -30.235000 1.000000 
-0.028060 64.062600 -0.000128 -0.088167 -0.256000 0.149077 4.744000 55.256000 1.000000 
-0.156440 73.851400 -0.000674 -0.080366 -27.459000 0.071059 42.459000 17.541000 1.000000 
-0.064534 67.043700 -0.000338 -0.087136 0.367000 0.098319 5.367000 54.633000 1.000000 
-0.028832 59.933600 -0.000099 -0.090447 -1.558000 0.166851 3.442000 56.558000 1.000000 
-0.021419 49.727600 -0.000101 -0.083553 -0.258000 0.201157 4.742000 55.258000 1.000000 
-0.018847 46.207300 -0.000024 -0.108469 -1.843000 0.202206 3.157000 56.843000 1.000000 
-0.131302 67.727000 -0.000682 -0.072171 -30.764000 0.100603 45.764000 14.236000 1.000000 
-0.019191 56.111000 -0.000049 -0.091038 -1.191000 0.173719 3.809000 56.191000 1.000000 
-0.007264 54.432500 -0.000068 -0.096271 4.154000 0.180281 10.846000 49.154000 1.000000 
-0.201962 62.390200 -0.000397 -0.111610 -104.179000 0.041126 119.179000 -59.179000 1.000000 
-0.042653 69.134400 -0.000179 -0.090690 -1.178000 0.135499 3.822000 56.178000 1.000000 
-0.012503 50.358300 -0.000122 -0.077865 3.471000 0.192893 11.529000 48.471000 1.000000 
-0.081834 61.344500 -0.000336 -0.075570 -73.484000 0.070967 88.484000 -28.484000 1.000000 
-0.094525 80.850700 -0.001612 -0.086398 -11.700000 0.047912 26.700000 33.300000 1.000000 
-0.027480 56.839100 -0.000205 -0.084150 1.070000 0.177239 6.070000 53.930000 1.000000 
-0.034796 56.852800 -0.000087 -0.098031 -1.245000 0.164402 3.755000 56.245000 1.000000 
-0.066285 62.184500 -0.007920 -0.113717 3.404000 0.144622 8.404000 51.596000 -1.000000 
-0.143523 73.986900 -0.000204 -0.114197 -30.189000 0.099240 45.189000 14.811000 1.000000 
-0.017806 55.955100 -0.000198 -0.095181 -1.540000 0.174042 3.460000 56.540000 1.000000 
-0.045661 74.133900 -0.000359 -0.080663 1.092000 0.116297 6.092000 53.908000 1.000000 
-0.032871 56.346300 -0.000153 -0.091411 -2.294000 0.163914 2.706000 57.294000 1.000000 
-0.027795 70.813500 -0.000245 -0.077249 3.227000 0.133513 8.227000 51.773000 1.000000 
-0.158320 70.424600 -0.000258 -0.077097 -106.362000 0.055382 121.362000 -61.362000 1.000000 
-0.018912 61.541700 -0.000095 -0.072849 -2.025000 0.152746 2.975000 57.025000 1.000000 
-0.029303 51.949200 -0.000153 -0.113711 -2.830000 0.158724 2.170000 57.830000 1.000000 
-0.106746 66.584700 -0.000418 -0.073847 -40.736000 0.116600 55.736000 4.264000 1.000000 
-0.203879 71.808700 -0.000497 -0.119994 -46.638000 0.081940 61.638000 -1.638000 1.000000 
-0.028378 53.260200 -0.000055 -0.109260 -1.608000 0.176763 3.392000 56.608000 1.000000 
-0.081787 73.794300 -0.002199 -0.100650 4.838000 0.104674 9.838000 50.162000 1.000000 
-0.062066 11.572100 -0.001560 -0.073050 -5.839000 0.715015 -0.839000 60.839000 -1.000000 
-0.018463 50.544400 -0.002520 -0.084135 -1.702000 0.194997 16.702000 43.298000 -1.000000 
-0.205800 70.094300 -0.000203 -0.143652 -92.710000 0.077370 107.710000 -47.710000 1.000000 
-0.024696 19.988700 -0.001440 -0.111318 -3.035000 0.286438 18.035000 41.965000 -1.000000 
-0.127818 -249.644000 -0.002640 -0.042713 -31.168000 -0.686764 -26.168000 86.168000 -1.000000 
-0.027240 60.238500 -0.000233 -0.097975 1.886000 0.160252 6.886000 53.114000 1.000000 
-0.171826 59.018000 -0.000343 -0.127247 -114.342000 0.097228 129.342000 -69.342000 1.000000 
-0.103835 75.272000 -0.009240 -0.092856 -3.456000 0.114419 18.456000 41.544000 -1.000000 
-0.069794 68.210800 -0.007200 -0.106053 -10.955000 -0.190564 25.955000 34.045000 -1.000000 
-0.023415 60.809300 -0.003240 -0.098548 1.808000 0.161995 13.192000 46.808000 -1.000000 
-0.145439 66.481500 -0.000315 -0.105303 -135.626000 -0.220259 150.626000 -90.626000 1.000000 
-0.067357 68.472700 -0.000233 -0.104790 -2.306000 0.133476 2.694000 57.306000 1.000000 
-0.035397 30.419100 -0.003000 -0.095695 -10.193000 0.160163 -5.193000 65.193000 -1.000000 
-0.020524 49.909400 -0.002520 -0.074032 4.452000 0.177951 9.452000 50.548000 -1.000000 
-0.034932 51.105200 -0.000021 -0.085964 -2.334000 0.165729 2.666000 57.334000 1.000000 
-0.202058 71.343200 -0.000242 -0.118873 -98.388000 0.083125 113.388000 -53.388000 1.000000 
-0.024587 46.478300 -0.000167 -0.098280 -2.185000 0.175004 2.815000 57.185000 1.000000 
-0.188998 71.238400 -0.000300 -0.097088 -74.723000 0.081051 89.723000 -29.723000 1.000000 
-0.010758 37.039300 -0.000021 -0.096254 -1.018000 0.262359 3.982000 56.018000 1.000000 
-0.120194 65.854500 -0.000344 -0.095607 -62.819000 0.094283 77.819000 -17.819000 1.000000 
-0.144771 71.923100 -0.000762 -0.126476 -116.882000 0.090767 131.882000 -71.882000 1.000000 
-0.089090 70.499300 -0.002449 -0.083644 3.092000 0.086027 8.092000 51.908000 1.000000 
-0.032555 55.521900 -0.000262 -0.093034 2.370000 0.160463 7.370000 52.630000 1.000000 
-0.045019 59.412700 -0.004560 -0.076449 -10.085000 0.003836 -5.085000 65.085000 -1.000000 
-0.040598 75.641800 -0.000116 -0.114472 -1.558000 0.119992 3.442000 56.558000 1.000000 
-0.018099 46.117400 -0.000151 -0.095984 3.439000 0.169028 8.439000 51.561000 1.000000 
-0.134883 77.909900 -0.000612 -0.115509 -36.709000 0.070553 51.709000 8.291000 1.000000 
-0.020052 55.258300 -0.000150 -0.092325 1.695000 0.169482 6.695000 53.305000 1.000000 
-0.031200 56.456100 -0.000151 -0.094559 -0.879000 0.126954 4.121000 55.879000 1.000000 
-0.069198 78.361600 -0.001239 -0.079345 2.776000 0.077776 7.776000 52.224000 1.000000 
-0.025649 67.663800 -0.000119 -0.099703 -0.741000 0.142971 4.259000 55.741000 1.000000 
-0.135552 70.526700 -0.000244 -0.109374 -42.283000 0.116383 57.283000 2.717000 1.000000 
-0.065568 67.138600 -0.000381 -0.081384 -0.053000 0.114611 4.947000 55.053000 1.000000 
-0.034816 75.656900 -0.000264 -0.119868 1.024000 0.107298 6.024000 53.976000 1.000000 
-0.029715 63.663900 -0.000160 -0.073301 -0.707000 0.134532 4.293000 55.707000 1.000000 
-0.126560 69.906500 -0.011400 -0.099241 -53.701000 -0.063605 68.701000 -8.701000 -1.000000 
-0.049904 66.537500 -0.000356 -0.120477 0.674000 0.133282 5.674000 54.326000 1.000000 
-0.024331 45.333600 -0.000085 -0.072480 -0.505000 0.213135 4.495000 55.505000 1.000000 
-0.044724 61.180500 -0.000180 -0.085345 -1.170000 0.141821 3.830000 56.170000 1.000000 
-0.040605 72.879900 -0.001139 -0.092316 3.391000 0.117245 8.391000 51.609000 1.000000 
-0.052234 65.779600 -0.006240 -0.072122 -1.014000 0.067702 16.014000 43.986000 -1.000000 
-0.041388 63.189900 -0.000293 -0.100002 0.012000 0.148711 5.012000 54.988000 1.000000 
-0.023293 52.310500 -0.000133 -0.074382 -0.782000 0.172438 4.218000 55.782000 1.000000 
-0.044090 67.835900 -0.000258 -0.081021 -0.093000 0.131329 4.907000 55.093000 1.000000 
-0.034289 56.204800 -0.000235 -0.069744 0.706000 0.172171 5.706000 54.294000 1.000000 
-0.063308 73.696500 -0.000494 -0.098777 2.821000 0.120657 7.821000 52.179000 1.000000 
-0.030881 -6306.490000 -0.001800 -0.089561 -4.927000 -0.165714 19.927000 40.073000 -1.000000 
-0.012967 66.821700 -0.001920 -0.093910 -4.427000 0.152499 19.427000 40.573000 -1.000000 
-0.061690 63.917100 -0.000098 -0.090029 -2.043000 0.141797 2.957000 57.043000 1.000000 
-0.056208 55.594600 -0.005280 -0.106130 -31.403000 0.152698 46.403000 13.597000 -1.000000 
-0.022564 61.471100 -0.000168 -0.085592 1.160000 0.159088 6.160000 53.840000 1.000000 
-0.176359 56.196700 -0.015240 -0.102056 -198.838000 0.066712 213.838000 -153.838000 -1.000000 
-0.038990 55.900500 -0.004200 -0.086907 -3.028000 0.145938 1.972000 58.028000 -1.000000 
-0.092730 76.473900 -0.002334 -0.075046 2.009000 0.071799 7.009000 52.991000 1.000000 
-0.123414 71.651300 -0.000386 -0.074449 -67.273000 0.084742 82.273000 -22.273000 1.000000 
-0.027307 52.069100 -0.003480 -0.087015 4.495000 0.185908 10.505000 49.495000 -1.000000 
-0.018162 57.963600 -0.000022 -0.094486 -1.516000 0.164437 3.484000 56.516000 1.000000 
-0.030586 52.185000 -0.000033 -0.070837 -1.850000 0.176059 3.150000 56.850000 1.000000 
-0.036658 60.822700 -0.000250 -0.096856 0.300000 0.138154 5.300000 54.700000 1.000000 
-0.021595 54.466600 -0.002760 -0.083430 -1.517000 0.176696 16.517000 43.483000 -1.000000 
-0.018374 53.257700 -0.000153 -0.113265 2.871000 0.177585 7.871000 52.129000 1.000000 
-0.133275 69.429100 -0.000530 -0.125983 -49.056000 -0.203235 64.056000 -4.056000 1.000000 
-0.135312 64.671400 -0.011400 -0.082133 -123.245000 0.061476 138.245000 -78.245000 -1.000000 
-0.077633 72.966600 -0.000804 -0.094838 -9.756000 0.121253 24.756000 35.244000 1.000000 
-0.035462 71.404800 -0.000597 -0.089179 0.687000 0.138940 5.687000 54.313000 1.000000 
-0.033085 32.482800 -0.002280 -0.080315 2.746000 0.060767 12.254000 47.746000 -1.000000 
-0.024819 20.064300 -0.001560 -0.103386 -8.417000 0.380606 -3.417000 63.417000 -1.000000 
-0.022766 52.598400 -0.000181 -0.084621 2.038000 0.182374 7.038000 52.962000 1.000000 
-0.020226 62.751000 -0.000147 -0.064419 3.215000 0.157062 8.215000 51.785000 1.000000 
-0.016025 28.357600 -0.000054 -0.092279 -1.683000 0.336822 3.317000 56.683000 1.000000 
-0.089536 77.519800 -0.001369 -0.080079 -18.039000 0.029014 33.039000 26.961000 1.000000 
-0.082856 56.693000 -0.007200 -0.088513 -7.706000 0.134815 22.706000 37.294000 -1.000000 
-0.032019 60.715000 -0.000089 -0.095240 -1.686000 0.157565 3.314000 56.686000 1.000000 
-0.044030 54.047700 -0.000147 -0.104052 -1.247000 0.183810 3.753000 56.247000 1.000000 
-0.036919 37.553400 -0.003120 -0.088534 -4.104000 0.076409 19.104000 40.896000 -1.000000 
-0.045839 72.466800 -0.000047 -0.122781 -1.977000 0.108248 3.023000 56.977000 1.000000 
-0.040320 66.341400 -0.000339 -0.078786 1.064000 0.138514 6.064000 53.936000 1.000000 
-0.022770 37.187600 -0.000034 -0.075405 -0.865000 0.253920 4.135000 55.865000 1.000000 
-0.206788 41.153500 -0.016920 -0.086895 -309.200000 0.081978 324.200000 -264.200000 -1.000000 
-0.046234 66.934600 -0.005880 -0.065584 4.070000 0.099162 9.070000 50.930000 -1.000000 
-0.018131 24.366800 -0.000093 -0.068039 -0.348000 0.420139 15.348000 44.652000 1.000000 
-0.038151 64.502400 -0.000280 -0.092869 1.382000 0.135383 6.382000 53.618000 1.000000 
-0.024531 49.837200 -0.000212 -0.095712 3.641000 0.189146 8.641000 51.359000 1.000000 
-0.061209 70.539600 -0.000443 -0.083798 2.192000 0.113112 7.192000 52.808000 1.000000 
-0.015440 36.196200 -0.000095 -0.105919 0.871000 0.285334 5.871000 54.129000 1.000000 
-0.182360 74.846700 -0.015960 -0.143561 -69.540000 0.004036 84.540000 -24.540000 -1.000000 
-0.026238 64.168500 -0.003120 -0.089922 1.153000 0.120883 6.153000 53.847000 -1.000000 
-0.019212 51.319700 -0.000189 -0.092592 3.323000 0.199570 11.677000 48.323000 1.000000 
-0.128827 66.637800 -0.010320 -0.111048 -45.217000 0.092588 60.217000 -0.217000 -1.000000 
-0.009331 38.189000 -0.000068 -0.070775 4.194000 0.257126 10.806000 49.194000 1.000000 
-0.049366 70.908000 -0.000232 -0.072087 -0.980000 0.110334 4.020000 55.980000 1.000000 
-0.020680 21.315800 -0.001440 -0.119609 1.398000 0.444143 6.398000 53.602000 -1.000000 
-0.042531 60.510700 -0.000228 -0.110949 -0.857000 0.161813 4.143000 55.857000 1.000000 
-0.139084 71.622200 -0.000428 -0.082881 -49.639000 0.100035 64.639000 -4.639000 1.000000 
-0.203150 70.555000 -0.000254 -0.128346 -101.023000 -0.002043 116.023000 -56.023000 1.000000 
-0.059769 68.542900 -0.000042 -0.064752 -2.515000 0.115885 2.485000 57.515000 1.000000 
-0.038466 69.001600 -0.005160 -0.084968 4.484000 0.123985 9.484000 50.516000 -1.000000 
-0.040123 70.504800 -0.000334 -0.100507 3.026000 0.136387 8.026000 51.974000 1.000000 
-0.128846 68.576600 -0.000223 -0.083524 -100.388000 0.051069 115.388000 -55.388000 1.000000 
-0.031069 64.453800 -0.000044 -0.099857 -1.824000 0.150700 3.176000 56.824000 1.000000 
-0.024948 49.087100 -0.000167 -0.089692 1.317000 0.205337 6.317000 53.683000 1.000000 
-0.031237 53.588400 -0.003840 -0.084155 -1.105000 0.176974 16.105000 43.895000 -1.000000 
-0.163173 67.049300 -0.000295 -0.088565 -106.417000 0.095376 121.417000 -61.417000 1.000000 
-0.018871 50.577000 -0.002880 -0.106133 1.785000 0.195965 13.215000 46.785000 -1.000000 
-0.016741 51.226200 -0.000034 -0.078047 -1.448000 0.187985 3.552000 56.448000 1.000000 
-0.032178 53.901200 -0.000242 -0.085650 1.557000 0.141996 6.557000 53.443000 1.000000 
-0.033318 52.530700 -0.000017 -0.099622 -2.165000 0.181140 2.835000 57.165000 1.000000 
-0.141883 70.566600 -0.011520 -0.108320 -98.863000 0.058406 113.863000 -53.863000 -1.000000 
-0.019331 62.173800 -0.002760 -0.089489 2.899000 0.118797 12.101000 47.899000 -1.000000 
-0.018415 48.747300 -0.000032 -0.088633 -0.895000 0.201502 4.105000 55.895000 1.000000 
-0.041294 63.815400 -0.000127 -0.098386 -1.386000 0.149806 3.614000 56.386000 1.000000 
-0.016237 26.890900 -0.000051 -0.112382 1.615000 0.370274 6.615000 53.385000 1.000000 
-0.118309 72.153000 -0.003187 -0.107762 1.723000 0.081907 6.723000 53.277000 1.000000 
-0.067775 61.928800 -0.000521 -0.075891 1.539000 0.087073 6.539000 53.461000 1.000000 
-0.178938 72.981000 -0.002726 -0.103479 -13.657000 -0.046633 28.657000 31.343000 1.000000 
-0.042475 67.023200 -0.000272 -0.104327 0.509000 0.120499 5.509000 54.491000 1.000000 
-0.128188 63.131200 -0.000356 -0.122243 -148.256000 0.096724 163.256000 -103.256000 1.000000 
-0.043440 75.944800 -0.000267 -0.094076 -0.384000 0.124407 4.616000 55.384000 1.000000 
-0.081615 76.341200 -0.000368 -0.063052 -54.901000 0.064875 69.901000 -9.901000 1.000000 
-0.010103 40.834900 -0.000076 -0.090316 4.544000 0.235548 10.456000 49.544000 1.000000 
-0.116574 -12.811000 -0.001680 -0.067016 -10.148000 -1.154330 -5.148000 65.148000 -1.000000 
-0.020435 25.858300 -0.001680 -0.104091 -8.972000 0.249475 23.972000 36.028000 -1.000000 
-0.148066 73.181900 -0.000546 -0.117221 -25.494000 0.078853 40.494000 19.506000 1.000000 
-0.040945 64.910200 -0.000111 -0.100362 -2.961000 0.140556 2.039000 57.961000 1.000000 
-0.020523 62.566300 -0.000170 -0.084063 2.832000 0.145264 7.832000 52.168000 1.000000 
-0.013014 40.057200 -0.000097 -0.095967 3.952000 0.254489 11.048000 48.952000 1.000000 
-0.085034 80.089300 -0.000574 -0.103604 0.176000 0.091302 5.176000 54.824000 1.000000 
-0.195182 64.670400 -0.000364 -0.133858 -94.294000 0.059041 109.294000 -49.294000 1.000000 
-0.044530 395.327000 -0.003120 -0.093766 1.495000 -0.011886 13.505000 46.495000 -1.000000 
-0.009168 46.857100 -0.000069 -0.065855 2.794000 0.211164 7.794000 52.206000 1.000000 
-0.012813 36.414300 -0.000094 -0.084318 -3.285000 0.282369 18.285000 41.715000 1.000000 
-0.189079 70.361000 -0.000194 -0.099739 -123.744000 0.077819 138.744000 -78.744000 1.000000 
-0.046728 67.136900 -0.000073 -0.098479 -2.555000 0.140219 2.445000 57.555000 1.000000 
-0.023857 64.652900 -0.000193 -0.088725 2.156000 0.136915 7.156000 52.844000 1.000000 
-0.022071 36.698700 -0.000108 -0.092495 -0.303000 0.280762 4.697000 55.303000 1.000000 
-0.022216 52.161600 -0.000105 -0.064871 -0.407000 0.185875 4.593000 55.407000 1.000000 
-0.063124 32.834100 -0.004440 -0.074460 -9.498000 -0.079001 -4.498000 64.498000 -1.000000 
-0.044647 65.456800 -0.000309 -0.123139 0.294000 0.147248 5.294000 54.706000 1.000000 
-0.018788 44.120300 -0.000138 -0.073711 2.351000 0.204909 12.649000 47.351000 1.000000 
-0.019677 50.974800 -0.000034 -0.085326 -1.609000 0.185279 3.391000 56.609000 1.000000 
-0.057115 76.107600 -0.000425 -0.103743 2.007000 0.098512 7.007000 52.993000 1.000000 
-0.029700 72.031800 -0.000063 -0.089100 -1.881000 0.135340 3.119000 56.881000 1.000000 
-0.013774 40.824500 -0.000090 -0.081984 2.325000 0.229017 7.325000 52.675000 1.000000 
-0.027056 38.073400 -0.000167 -0.072113 1.483000 0.266038 6.483000 53.517000 1.000000 
-0.024531 49.737700 -0.000167 -0.085778 0.440000 0.170556 5.440000 54.560000 1.000000 
-0.016322 54.687300 -0.000155 -0.101966 1.571000 0.167400 6.571000 53.429000 1.000000 
-0.037502 63.844700 -0.000248 -0.110970 2.222000 0.039472 7.222000 52.778000 1.000000 
-0.020171 47.993700 -0.000164 -0.096394 1.605000 0.202679 6.605000 53.395000 1.000000 
-0.023128 62.069100 -0.000115 -0.094513 2.511000 0.150058 12.489000 47.511000 1.000000 
-0.073750 66.283700 -0.008160 -0.092024 1.376000 0.102255 13.624000 46.376000 -1.000000 
-0.198394 64.608300 -0.000389 -0.128553 -103.824000 0.075621 118.824000 -58.824000 1.000000 
-0.034593 53.798300 -0.000031 -0.105773 -1.708000 0.179759 3.292000 56.708000 1.000000 
-0.023265 46.092400 -0.000203 -0.111895 4.137000 0.208082 10.863000 49.137000 1.000000 
-0.038858 120.465000 -0.002280 -0.077625 -2.902000 0.029394 2.098000 57.902000 -1.000000 
-0.108688 67.126300 -0.000456 -0.085281 -59.190000 0.124910 74.190000 -14.190000 1.000000 
-0.008830 46.824700 -0.000042 -0.086209 -0.347000 0.209359 4.653000 55.347000 1.000000 
-0.014727 42.777000 -0.000123 -0.086874 0.082000 0.213960 14.918000 45.082000 1.000000 
-0.027877 37.462800 -0.000097 -0.096605 -0.889000 0.270255 4.111000 55.889000 1.000000 
-0.058496 75.072900 -0.000164 -0.093580 -1.362000 0.119084 3.638000 56.362000 1.000000 
-0.163935 68.334100 -0.000731 -0.104265 -79.083000 0.039564 94.083000 -34.083000 1.000000 
-0.046499 61.304000 -0.000119 -0.090028 -1.489000 0.157151 3.511000 56.489000 1.000000 
-0.029008 64.297200 -0.000137 -0.090911 -3.188000 0.128452 1.812000 58.188000 1.000000 
-0.037795 69.506800 -0.000137 -0.093444 -2.185000 0.137590 2.815000 57.185000 1.000000 
-0.038728 70.151100 -0.000114 -0.099059 -1.472000 0.132317 3.528000 56.472000 1.000000 
-0.044061 60.486900 -0.000334 -0.079740 0.586000 0.153315 5.586000 54.414000 1.000000 
-0.050394 67.115900 -0.000155 -0.108489 -2.269000 0.140629 2.731000 57.269000 1.000000 
-0.008259 44.957900 -0.000069 -0.091331 2.827000 0.219833 12.173000 47.827000 1.000000 
-0.026235 59.364600 -0.000165 -0.082047 -0.027000 0.156444 4.973000 55.027000 1.000000 
-0.048513 70.981400 -0.000389 -0.089138 2.150000 0.079467 7.150000 52.850000 1.000000 
-0.034553 59.099500 -0.000036 -0.102270 -1.904000 0.153963 3.096000 56.904000 1.000000 
-0.089608 79.080400 -0.000228 -0.095618 -40.614000 0.110256 55.614000 4.386000 1.000000 
-0.046747 68.253400 -0.000354 -0.084334 1.605000 0.129937 6.605000 53.395000 1.000000 
-0.040174 64.729200 -0.005280 -0.119414 4.568000 0.125586 10.432000 49.568000 -1.000000 
-0.054166 60.505500 -0.000068 -0.079735 -1.875000 0.084419 3.125000 56.875000 1.000000 
-0.149236 71.142400 -0.000752 -0.099576 -42.700000 0.081213 57.700000 2.300000 1.000000 
-0.064446 60.814900 -0.000036 -0.066133 -2.501000 0.141398 2.499000 57.501000 1.000000 
-0.063584 80.970600 -0.000504 -0.093070 1.240000 0.088673 6.240000 53.760000 1.000000 
-0.027944 28.196400 -0.002400 -0.095127 -3.172000 0.281649 1.828000 58.172000 -1.000000 
-0.041958 67.207500 -0.000036 -0.114711 -2.282000 0.134469 2.718000 57.282000 1.000000 
-0.181074 73.549200 -0.000101 -0.109246 -73.736000 0.023293 88.736000 -28.736000 1.000000 
-0.028363 65.879000 -0.000057 -0.102470 -1.636000 0.151979 3.364000 56.636000 1.000000 
-0.022500 32.796700 -0.000026 -0.091334 -2.296000 0.290480 2.704000 57.296000 1.000000 
-0.087519 69.955400 -0.008400 -0.065009 -7.773000 0.115538 22.773000 37.227000 -1.000000 
-0.096723 66.730600 -0.010440 -0.083707 -1.440000 -0.049469 16.440000 43.560000 -1.000000 
-0.053283 63.924000 -0.005760 -0.068927 1.307000 0.141449 13.693000 46.307000 -1.000000 
-0.017849 63.580800 -0.000087 -0.090235 -0.707000 0.155889 4.293000 55.707000 1.000000 
-0.010806 47.729000 -0.000083 -0.069845 2.986000 0.201460 7.986000 52.014000 1.000000 
-0.018603 52.193500 -0.000045 -0.089379 -1.791000 0.179555 3.209000 56.791000 1.000000 
-0.024977 57.580900 -0.000212 -0.094958 2.631000 0.084212 7.631000 52.369000 1.000000 
-0.028597 73.520800 -0.000614 -0.111760 1.555000 0.138361 6.555000 53.445000 1.000000 
-0.012011 35.469300 -0.000049 -0.073540 0.285000 0.281838 5.285000 54.715000 1.000000 
-0.017589 35.006900 -0.000045 -0.091987 -0.735000 0.269036 4.265000 55.735000 1.000000 
-0.032758 61.570500 -0.000246 -0.124532 0.777000 0.148335 5.777000 54.223000 1.000000 
-0.013287 47.942000 -0.000056 -0.112666 -0.802000 0.208661 4.198000 55.802000 1.000000 
-0.041338 33.773900 -0.003840 -0.108173 -1.646000 0.264169 3.354000 56.646000 -1.000000 
-0.189561 66.423500 -0.000498 -0.098661 -133.487000 0.081366 148.487000 -88.487000 1.000000 
-0.149358 72.843700 -0.000529 -0.126522 -33.574000 0.021253 48.574000 11.426000 1.000000 
-0.049089 58.892000 -0.004440 -0.093065 -18.272000 0.164054 33.272000 26.728000 -1.000000 
-0.043391 58.171800 -0.000092 -0.096235 -1.518000 0.151575 3.482000 56.518000 1.000000 
-0.015979 60.388400 -0.000066 -0.088308 -1.111000 0.154939 3.889000 56.111000 1.000000 
-0.014813 50.161400 -0.002400 -0.107414 0.138000 0.194680 14.862000 45.138000 -1.000000 
-0.012562 52.810400 -0.000111 -0.111217 2.068000 0.146927 7.068000 52.932000 1.000000 
-0.026003 53.323000 -0.000190 -0.073062 0.985000 0.145978 5.985000 54.015000 1.000000 
-0.015162 24.612800 -0.000046 -0.085029 -0.389000 0.385636 4.611000 55.389000 1.000000 
-0.038803 59.904400 -0.000034 -0.086982 -2.531000 0.158536 2.469000 57.531000 1.000000 
-0.010656 48.386800 -0.000042 -0.079779 -1.591000 0.200463 3.409000 56.591000 1.000000 
-0.022416 50.574400 -0.000176 -0.087527 3.614000 0.197465 8.614000 51.386000 1.000000 
-0.174271 65.565200 -0.000203 -0.124975 -115.899000 -0.122349 130.899000 -70.899000 1.000000 
-0.025878 60.267500 -0.000050 -0.102317 -1.639000 0.159753 3.361000 56.639000 1.000000 
-0.040819 83.499900 -0.003840 -0.123288 0.337000 0.061893 5.337000 54.663000 -1.000000 
-0.023330 67.555200 -0.000038 -0.063898 -1.528000 0.142173 3.472000 56.528000 1.000000 
-0.120195 78.407600 -0.010680 -0.083739 -5.227000 0.094667 20.227000 39.773000 -1.000000 
-0.020670 55.157300 -0.003000 -0.080582 -4.605000 0.136587 0.395000 59.605000 -1.000000 
-0.012699 32.960600 -0.000046 -0.136158 -0.209000 0.302667 4.791000 55.209000 1.000000 
-0.024275 57.396300 -0.000202 -0.080611 4.548000 0.123898 9.548000 50.452000 1.000000 
-0.019484 45.317000 -0.002040 -0.100148 4.142000 0.141531 10.858000 49.142000 -1.000000 
-0.031881 52.871200 -0.000218 -0.103420 0.501000 0.178940 5.501000 54.499000 1.000000 
-0.028126 51.821900 -0.003840 -0.080211 0.912000 0.142320 14.088000 45.912000 -1.000000 
-0.088228 72.816700 -0.001721 -0.101786 -48.056000 0.071410 63.056000 -3.056000 1.000000 
-0.039898 16.726900 -0.001320 -0.090071 -58.775000 -0.435156 73.775000 -13.775000 -1.000000 
-0.018599 44.749500 -0.002640 -0.101403 1.420000 0.214220 13.580000 46.420000 -1.000000 
-0.030840 51.500300 -0.000181 -0.086804 0.116000 0.170333 5.116000 54.884000 1.000000 
-0.052965 72.146800 -0.000373 -0.086345 0.561000 0.100175 5.561000 54.439000 1.000000 
-0.013781 35.800400 -0.000071 -0.102817 1.986000 0.286488 6.986000 53.014000 1.000000 
-0.208246 71.680000 -0.017880 -0.147962 -48.112000 0.036534 63.112000 -3.112000 -1.000000 
-0.099508 60.503200 -0.009960 -0.105942 4.358000 -0.048590 10.642000 49.358000 -1.000000 
-0.114578 72.399100 -0.009840 -0.125751 0.512000 0.073648 14.488000 45.512000 -1.000000 
-0.118048 76.741900 -0.002645 -0.101779 -15.315000 0.103056 30.315000 29.685000 1.000000 
-0.013381 35.174900 -0.000100 -0.110521 2.600000 0.296494 12.400000 47.600000 1.000000 
-0.085822 67.410600 -0.000090 -0.086492 -1.903000 0.121073 3.097000 56.903000 1.000000 
-0.035935 54.548300 -0.000185 -0.107477 -1.173000 0.176136 3.827000 56.173000 1.000000 
-0.036638 19.280100 -0.001920 -0.088490 -14.245000 0.281995 -9.245000 69.245000 -1.000000 
-0.009114 42.374700 -0.000073 -0.094677 3.233000 0.236703 8.233000 51.767000 1.000000 
-0.014401 51.830700 -0.000118 -0.068760 2.902000 0.176337 7.902000 52.098000 1.000000 
-0.026490 68.164800 -0.000123 -0.067790 -2.029000 0.135457 2.971000 57.029000 1.000000 
-0.073415 69.103700 -0.008280 -0.094395 3.698000 -0.079711 8.698000 51.302000 -1.000000 
-0.024833 35.681500 -0.000058 -0.066782 -2.494000 0.274437 2.506000 57.494000 1.000000 
-0.023305 69.153500 -0.000173 -0.088664 1.260000 0.139961 6.260000 53.740000 1.000000 
-0.015904 49.921500 -0.000116 -0.094350 1.463000 0.178260 6.463000 53.537000 1.000000 
-0.028888 86.761900 -0.000207 -0.091830 1.561000 0.064351 6.561000 53.439000 1.000000 
-0.055624 72.264200 -0.000018 -0.111807 -2.415000 0.101131 2.585000 57.415000 1.000000 
-0.038646 57.239300 -0.000319 -0.105562 3.196000 0.150515 8.196000 51.804000 1.000000 
-0.013345 51.314900 -0.000108 -0.102179 3.006000 0.170659 8.006000 51.994000 1.000000 
-0.109042 66.505000 -0.000254 -0.115673 -135.759000 0.004095 150.759000 -90.759000 1.000000 
-0.017219 52.174400 -0.000046 -0.092221 -1.214000 0.189838 3.786000 56.214000 1.000000 
-0.022114 30.208400 -0.000026 -0.093680 -1.488000 0.313172 3.512000 56.488000 1.000000 
-0.012939 46.366000 -0.000108 -0.102797 2.705000 0.219477 7.705000 52.295000 1.000000 
-0.063137 69.006800 -0.000311 -0.093744 -1.036000 0.136683 3.964000 56.036000 1.000000 
-0.100555 76.265500 -0.000576 -0.081830 -13.530000 -0.077138 28.530000 31.470000 1.000000 
-0.031128 67.536900 -0.000212 -0.126072 0.104000 0.081161 5.104000 54.896000 1.000000 
-0.045256 61.656000 -0.000382 -0.075212 2.328000 0.144298 7.328000 52.672000 1.000000 
-0.021966 45.437400 -0.000042 -0.083485 -1.360000 0.203332 3.640000 56.360000 1.000000 
-0.022660 34.887600 -0.000023 -0.082148 -1.876000 0.275923 3.124000 56.876000 1.000000 
-0.027420 56.100100 -0.003120 -0.087474 2.329000 0.156734 12.671000 47.329000 -1.000000 
-0.023769 68.706500 -0.000089 -0.100359 -1.911000 0.142183 3.089000 56.911000 1.000000 
-0.099925 63.220600 -0.008760 -0.087919 -18.098000 0.006225 33.098000 26.902000 -1.000000 
-0.197239 63.954600 -0.000228 -0.130003 -171.165000 0.092062 186.165000 -126.165000 1.000000 
-0.051453 77.032500 -0.000116 -0.092120 -0.994000 0.116494 4.006000 55.994000 1.000000 
-0.024447 53.408400 -0.000026 -0.121365 -1.829000 0.183909 3.171000 56.829000 1.000000 
-0.068106 67.913900 -0.000149 -0.119657 -1.650000 0.136071 3.350000 56.650000 1.000000 
-0.057298 11.472800 -0.001680 -0.105968 3.127000 0.694456 8.127000 51.873000 -1.000000 
-0.010738 46.421800 -0.000066 -0.111217 0.556000 0.189136 5.556000 54.444000 1.000000 
-0.040036 72.789200 -0.000287 -0.107165 0.255000 0.122644 5.255000 54.745000 1.000000 
-0.038549 52.716900 -0.004680 -0.071643 3.574000 0.156515 11.426000 48.574000 -1.000000 
-0.051193 66.525200 -0.000397 -0.086318 1.481000 0.134045 6.481000 53.519000 1.000000 
-0.045418 47.779600 -0.000032 -0.071959 -1.990000 0.125482 3.010000 56.990000 1.000000 
-0.047010 80.914100 -0.001050 -0.063835 -13.450000 0.066335 28.450000 31.550000 1.000000 
-0.148815 68.233200 -0.000736 -0.096098 -71.346000 0.086411 86.346000 -26.346000 1.000000 
-0.213120 53.326600 -0.000176 -0.133640 -234.840000 0.067387 249.840000 -189.840000 1.000000 
-0.170059 59.102000 -0.000231 -0.107704 -123.473000 0.088336 138.473000 -78.473000 1.000000 
-0.038943 49.238100 -0.000101 -0.084410 -1.808000 0.191499 3.192000 56.808000 1.000000 
-0.010146 36.454200 -0.000068 -0.067328 4.952000 0.277076 9.952000 50.048000 1.000000 
