-0.019753 57.923600 -0.000117 -0.132393 0.738000 0.102435 5.738000 54.262000 1.000000 
-0.065395 75.376800 -0.000246 -0.143855 -38.883000 0.004864 53.883000 6.117000 1.000000 
-0.037138 68.071200 -0.000245 -0.132613 1.742000 0.016657 6.742000 53.258000 1.000000 
-0.072962 75.138200 -0.000198 -0.144344 -40.768000 0.102003 55.768000 4.232000 1.000000 
-0.134532 76.949800 -0.000504 -0.140403 -25.210000 0.100453 40.210000 19.790000 1.000000 
-0.044365 64.531000 -0.000045 -0.137512 -1.767000 0.141008 3.233000 56.767000 1.000000 
-0.036016 61.261700 -0.000132 -0.137510 -1.775000 0.152249 3.225000 56.775000 1.000000 
-0.026212 51.266100 -0.000081 -0.137451 -2.026000 0.184065 2.974000 57.026000 1.000000 
-0.026803 51.352700 -0.000106 -0.137438 -2.082000 0.174004 2.918000 57.082000 1.000000 
-0.080540 74.203100 -0.000270 -0.070411 -21.903000 0.099791 36.903000 23.097000 1.000000 
-0.082394 69.688500 -0.000389 -0.069709 -16.189000 0.088096 31.189000 28.811000 1.000000 
-0.051626 66.710400 -0.000304 -0.102642 0.443000 0.111182 5.443000 54.557000 1.000000 
-0.054850 61.199100 -0.000296 -0.101117 1.627000 0.087405 6.627000 53.373000 1.000000 
-0.041559 65.399400 -0.000158 -0.121963 -0.342000 0.135349 4.658000 55.342000 1.000000 
-0.041254 55.177900 -0.000213 -0.121802 -1.124000 0.169264 3.876000 56.124000 1.000000 
-0.068158 66.667300 -0.000437 -0.124092 -0.217000 0.134089 4.783000 55.217000 1.000000 
-0.112984 70.558900 -0.000274 -0.073785 -32.886000 0.092086 47.886000 12.114000 1.000000 
-0.035986 67.008600 -0.000043 -0.083341 -0.946000 0.119834 4.054000 55.946000 1.000000 
-0.054818 72.180600 -0.000216 -0.046152 -37.983000 0.079829 52.983000 7.017000 1.000000 
-0.053551 72.365800 -0.000274 -0.056095 -15.276000 0.070296 30.276000 29.724000 1.000000 
-0.047273 71.635200 -0.000155 -0.039939 -24.144000 0.023657 39.144000 20.856000 1.000000 
-0.054083 72.706800 -0.000271 -0.046945 -12.639000 0.031539 27.639000 32.361000 1.000000 
-0.088438 73.497100 -0.000160 -0.060543 -33.237000 0.025002 48.237000 11.763000 1.000000 
-0.040893 69.050100 -0.000230 -0.057199 1.565000 0.091355 6.565000 53.435000 1.000000 
-0.045111 67.048500 -0.000243 -0.065504 0.993000 0.101075 5.993000 54.007000 1.000000 
-0.038529 64.894000 -0.000103 -0.065368 -0.205000 0.122439 4.795000 55.205000 1.000000 
-0.072844 74.477500 -0.000373 -0.072057 -19.884000 0.097948 34.884000 25.116000 1.000000 
-0.078459 74.634600 -0.000274 -0.072711 -34.879000 0.096603 49.879000 10.121000 1.000000 
-0.047370 64.222300 -0.000138 -0.083377 -0.699000 0.143404 4.301000 55.699000 1.000000 
-0.041638 60.765200 -0.000192 -0.114323 0.194000 0.140633 5.194000 54.806000 1.000000 
-0.022386 46.303300 -0.000065 -0.148818 -1.326000 0.206886 3.674000 56.326000 1.000000 
-0.057151 71.957300 -0.000247 -0.040081 -21.131000 0.065960 36.131000 23.869000 1.000000 
-0.191960 48.647500 -0.000149 -0.149837 -225.308000 0.087124 240.308000 -180.308000 1.000000 
-0.042416 61.526300 -0.000176 -0.087532 -1.221000 0.139089 3.779000 56.221000 1.000000 
-0.165578 53.817900 -0.000194 -0.112853 -171.063000 0.092660 186.063000 -126.063000 1.000000 
-0.066561 73.898200 -0.000393 -0.094092 -26.602000 0.123029 41.602000 18.398000 1.000000 
-0.045673 60.934500 -0.003600 -0.102345 -1.479000 0.092691 3.521000 56.479000 -1.000000 
-0.038530 64.484900 -0.003120 -0.064049 -35.760000 0.131068 50.760000 9.240000 -1.000000 
-0.163221 64.579200 -0.000407 -0.070864 -125.851000 0.040711 140.851000 -80.851000 1.000000 
-0.132941 46.832900 -0.008280 -0.103183 3.974000 -0.392420 8.974000 51.026000 -1.000000 
-0.139627 68.728400 -0.012120 -0.129426 -31.876000 0.060816 46.876000 13.124000 -1.000000 
-0.216613 52.789400 -0.000307 -0.122222 -250.000000 0.078962 265.000000 -205.000000 1.000000 
-0.092214 65.993200 -0.008160 -0.084461 -10.772000 0.126709 25.772000 34.228000 -1.000000 
-0.062973 78.797300 -0.000410 -0.088305 3.395000 0.098586 8.395000 51.605000 1.000000 
-0.153311 62.659800 -0.011040 -0.127147 -195.576000 0.066882 210.576000 -150.576000 -1.000000 
-0.031144 61.378700 -0.000293 -0.102979 2.647000 0.101073 7.647000 52.353000 1.000000 
-0.156416 56.060000 -0.011040 -0.114378 -143.454000 0.057747 158.454000 -98.454000 -1.000000 
-0.075206 75.144700 -0.000129 -0.097430 -58.336000 0.050309 73.336000 -13.336000 1.000000 
-0.122364 71.488300 -0.000661 -0.103404 -29.092000 0.109405 44.092000 15.908000 1.000000 
-0.034902 54.954100 -0.000193 -0.109628 1.683000 0.157940 6.683000 53.317000 1.000000 
-0.014907 48.442800 -0.000434 -0.109240 -0.021000 0.213096 4.979000 55.021000 1.000000 
-0.202847 66.179300 -0.000232 -0.131575 -145.946000 0.059945 160.946000 -100.946000 1.000000 
-0.031153 43.252300 -0.000208 -0.085517 -3.310000 0.198045 1.690000 58.310000 1.000000 
-0.044080 59.340000 -0.000059 -0.112016 -1.347000 0.146570 3.653000 56.347000 1.000000 
-0.031671 65.073400 -0.000271 -0.095730 0.846000 0.135929 5.846000 54.154000 1.000000 
-0.028751 46.687900 -0.000024 -0.115576 -1.435000 0.192184 3.565000 56.435000 1.000000 
-0.166216 76.871300 -0.000223 -0.122480 -85.219000 -0.142739 100.219000 -40.219000 1.000000 
-0.058200 61.079800 -0.000079 -0.099850 -1.863000 0.137138 3.137000 56.863000 1.000000 
-0.055106 76.560400 -0.000031 -0.100648 -1.330000 0.112113 3.670000 56.330000 1.000000 
-0.155743 66.477300 -0.012480 -0.116566 -106.032000 0.061148 121.032000 -61.032000 -1.000000 
-0.047949 79.087000 -0.001255 -0.117190 2.679000 0.101597 7.679000 52.321000 1.000000 
-0.238988 33.433500 -0.017400 -0.167510 -354.566000 0.050475 369.566000 -309.566000 -1.000000 
-0.043855 69.904200 -0.000035 -0.103626 -2.424000 0.138575 2.576000 57.424000 1.000000 
-0.047250 -1300.490000 -0.002400 -0.091020 -3.768000 -0.097459 1.232000 58.768000 -1.000000 
-0.166216 76.871300 -0.000223 -0.122480 -85.219000 -0.142739 100.219000 -40.219000 1.000000 
-0.166092 77.042900 -0.000223 -0.122427 -84.986000 -0.142989 99.986000 -39.986000 1.000000 
-0.167336 77.217000 -0.000223 -0.122185 -83.929000 0.010293 98.929000 -38.929000 1.000000 
-0.165344 76.843100 -0.000223 -0.122446 -85.069000 -0.142843 100.069000 -40.069000 1.000000 
-0.058200 61.079800 -0.000079 -0.099850 -1.863000 0.137138 3.137000 56.863000 1.000000 
-0.058943 60.946400 -0.000076 -0.099835 -1.950000 0.131950 3.050000 56.950000 1.000000 
-0.042416 61.526300 -0.000176 -0.087532 -1.221000 0.139089 3.779000 56.221000 1.000000 
-0.042416 61.526300 -0.000176 -0.087532 -1.221000 0.139089 3.779000 56.221000 1.000000 
-0.058200 61.079800 -0.000079 -0.099850 -1.863000 0.137138 3.137000 56.863000 1.000000 
-0.058200 61.079800 -0.000079 -0.099850 -1.863000 0.137138 3.137000 56.863000 1.000000 
-0.163221 64.579200 -0.000407 -0.070864 -125.851000 0.040711 140.851000 -80.851000 1.000000 
-0.163221 64.579200 -0.000407 -0.070864 -125.851000 0.040711 140.851000 -80.851000 1.000000 
-0.122364 71.488300 -0.000661 -0.103404 -29.092000 0.109405 44.092000 15.908000 1.000000 
-0.123175 71.476200 -0.002790 -0.103457 -29.378000 0.102762 44.378000 15.622000 1.000000 
-0.058478 62.163300 -0.000079 -0.099877 -1.711000 0.135803 3.289000 56.711000 1.000000 
-0.058943 60.946400 -0.000076 -0.099835 -1.950000 0.131950 3.050000 56.950000 1.000000 
-0.163221 64.579200 -0.000407 -0.070864 -125.851000 0.040711 140.851000 -80.851000 1.000000 
-0.163221 64.579200 -0.000407 -0.070864 -125.851000 0.040711 140.851000 -80.851000 1.000000 
-0.031671 65.073400 -0.000271 -0.095730 0.846000 0.135929 5.846000 54.154000 1.000000 
-0.032544 64.780200 -0.000277 -0.095730 0.845000 0.137081 5.845000 54.155000 1.000000 
-0.163221 64.579200 -0.000407 -0.070864 -125.851000 0.040711 140.851000 -80.851000 1.000000 
-0.163221 64.579200 -0.000407 -0.070864 -125.851000 0.040711 140.851000 -80.851000 1.000000 
-0.058200 61.079800 -0.000079 -0.099850 -1.863000 0.137138 3.137000 56.863000 1.000000 
-0.058349 61.333100 -0.000076 -0.096576 -1.747000 0.138581 3.253000 56.747000 1.000000 
-0.056302 79.139500 -0.001493 -0.115690 4.934000 0.099953 9.934000 50.066000 1.000000 
-0.159767 64.841500 -0.000352 -0.070355 -112.421000 0.040719 127.421000 -67.421000 1.000000 
-0.155924 77.555600 -0.000181 -0.097844 -50.587000 0.085453 65.587000 -5.587000 1.000000 
-0.083515 70.400700 -0.000121 -0.059636 -36.579000 0.089306 51.579000 8.421000 1.000000 
-0.120787 104.691000 -0.008760 -0.105523 -7.191000 -0.157794 22.191000 37.809000 -1.000000 
-0.154205 65.482500 -0.000739 -0.069668 -117.712000 0.043843 132.712000 -72.712000 1.000000 
-0.056198 78.963600 -0.001502 -0.115694 4.954000 0.101559 9.954000 50.046000 1.000000 
-0.056065 79.081000 -0.001493 -0.115672 4.843000 0.099993 9.843000 50.157000 1.000000 
-0.034902 54.954100 -0.000193 -0.109628 1.683000 0.157940 6.683000 53.317000 1.000000 
-0.034902 54.954100 -0.000193 -0.109628 1.683000 0.157940 6.683000 53.317000 1.000000 
-0.048574 75.038900 -0.000952 -0.095114 2.541000 0.124650 7.541000 52.459000 1.000000 
-0.172153 53.122500 -0.000400 -0.077934 -217.627000 0.024704 232.627000 -172.627000 1.000000 
-0.058085 60.859400 -0.000079 -0.099865 -1.777000 0.128922 3.223000 56.777000 1.000000 
-0.058808 61.959800 -0.000079 -0.099867 -1.767000 0.129677 3.233000 56.767000 1.000000 
-0.032001 62.874500 -0.000271 -0.099088 0.626000 0.138925 5.626000 54.374000 1.000000 
-0.031671 65.073400 -0.000271 -0.095730 0.846000 0.135929 5.846000 54.154000 1.000000 
-0.123975 69.906700 -0.000530 -0.103196 -37.961000 0.116927 52.961000 7.039000 1.000000 
-0.154191 66.566400 -0.000188 -0.069660 -107.659000 0.044601 122.659000 -62.659000 1.000000 
-0.031144 61.378700 -0.000293 -0.102979 2.647000 0.101073 7.647000 52.353000 1.000000 
-0.031003 61.083500 -0.000290 -0.102939 2.417000 0.114169 7.417000 52.583000 1.000000 
-0.058460 61.003300 -0.000076 -0.099858 -1.821000 0.136974 3.179000 56.821000 1.000000 
-0.155392 66.891200 -0.013440 -0.069511 -106.625000 0.043581 121.625000 -61.625000 -1.000000 
-0.034902 54.954100 -0.000193 -0.109628 1.683000 0.157940 6.683000 53.317000 1.000000 
-0.029085 42.505300 -0.000185 -0.109615 1.612000 0.193734 6.612000 53.388000 1.000000 
-0.080275 70.300300 -0.000138 -0.059345 -33.818000 0.086184 48.818000 11.182000 1.000000 
-0.134061 69.324400 -0.000070 -0.066056 -81.341000 0.059066 96.341000 -36.341000 1.000000 
-0.033426 47.369700 -0.000170 -0.108816 -2.635000 0.194829 2.365000 57.635000 1.000000 
-0.033890 44.015000 -0.000172 -0.108855 -2.424000 0.209098 2.576000 57.424000 1.000000 
-0.055106 76.560400 -0.000031 -0.100648 -1.330000 0.112113 3.670000 56.330000 1.000000 
-0.055106 76.560400 -0.000031 -0.100648 -1.330000 0.112113 3.670000 56.330000 1.000000 
-0.042416 61.526300 -0.000176 -0.087532 -1.221000 0.139089 3.779000 56.221000 1.000000 
-0.042416 61.526300 -0.000176 -0.087532 -1.221000 0.139089 3.779000 56.221000 1.000000 
-0.058098 60.231400 -0.000079 -0.099858 -1.819000 0.138562 3.181000 56.819000 1.000000 
-0.058207 60.120000 -0.000076 -0.099835 -1.950000 0.140082 3.050000 56.950000 1.000000 
-0.014907 48.442800 -0.000434 -0.109240 -0.021000 0.213096 4.979000 55.021000 1.000000 
-0.014907 48.442800 -0.000434 -0.109240 -0.021000 0.213096 4.979000 55.021000 1.000000 
-0.132973 72.052400 -0.000840 -0.096175 -40.117000 0.007749 55.117000 4.883000 1.000000 
-0.058085 73.349800 -0.001328 -0.057495 -5.600000 0.107321 20.600000 39.400000 1.000000 
-0.017985 39.627700 -0.002400 -0.108395 -4.659000 0.202402 0.341000 59.659000 -1.000000 
-0.026562 28.266300 -0.002400 -0.108509 -4.031000 0.281604 0.969000 59.031000 -1.000000 
-0.032840 62.364900 -0.000285 -0.102874 2.039000 0.106652 7.039000 52.961000 1.000000 
-0.063137 75.738100 -0.006120 -0.116827 -0.826000 0.112289 15.826000 44.174000 -1.000000 
-0.042416 61.526300 -0.000176 -0.087532 -1.221000 0.139089 3.779000 56.221000 1.000000 
-0.042416 61.526300 -0.000176 -0.087532 -1.221000 0.139089 3.779000 56.221000 1.000000 
-0.042416 61.526300 -0.000176 -0.087532 -1.221000 0.139089 3.779000 56.221000 1.000000 
-0.042416 61.526300 -0.000176 -0.087532 -1.221000 0.139089 3.779000 56.221000 1.000000 
-0.057601 79.243800 -0.000397 -0.106313 2.411000 0.098058 7.411000 52.589000 1.000000 
-0.019737 49.154800 -0.000029 -0.096990 -2.066000 0.181999 2.934000 57.066000 1.000000 
-0.055002 75.251900 -0.000428 -0.124862 2.345000 0.123255 7.345000 52.655000 1.000000 
-0.014415 53.022400 -0.000082 -0.090703 -0.348000 0.186418 4.652000 55.348000 1.000000 
-0.034313 51.217700 -0.000276 -0.102763 1.399000 0.130543 6.399000 53.601000 1.000000 
-0.026384 44.702600 -0.000097 -0.109124 -0.988000 0.209362 4.012000 55.988000 1.000000 
-0.042416 61.526300 -0.000176 -0.087532 -1.221000 0.139089 3.779000 56.221000 1.000000 
-0.042502 61.110300 -0.000171 -0.087534 -1.208000 0.137781 3.792000 56.208000 1.000000 
-0.055035 54.559400 -0.000219 -0.109080 -1.224000 0.168790 3.776000 56.224000 1.000000 
-0.024931 58.451300 -0.003240 -0.087009 -5.340000 0.055291 -0.340000 60.340000 -1.000000 
-0.030477 62.067600 -0.000293 -0.102981 2.655000 0.097512 7.655000 52.345000 1.000000 
-0.031003 61.083500 -0.000290 -0.102939 2.417000 0.114169 7.417000 52.583000 1.000000 
-0.032746 64.125300 -0.000266 -0.095675 0.506000 0.132912 5.506000 54.494000 1.000000 
-0.131555 69.971800 -0.011280 -0.096063 -39.510000 0.014416 54.510000 5.490000 -1.000000 
-0.042107 60.737600 -0.000166 -0.087515 -1.331000 0.140232 3.669000 56.331000 1.000000 
-0.042652 61.321000 -0.000166 -0.087529 -1.242000 0.136831 3.758000 56.242000 1.000000 
-0.017688 36.914700 -0.000595 -0.117419 -1.157000 0.275959 3.843000 56.157000 1.000000 
-0.030193 52.887700 -0.003240 -0.101784 3.763000 0.039170 11.237000 48.763000 -1.000000 
-0.123050 73.698600 -0.002411 -0.102488 -10.179000 0.050869 25.179000 34.821000 1.000000 
-0.041121 62.202700 -0.000192 -0.087574 -0.946000 0.131427 4.054000 55.946000 1.000000 
-0.034902 54.954100 -0.000193 -0.109628 1.683000 0.157940 6.683000 53.317000 1.000000 
-0.029085 42.505300 -0.000185 -0.109615 1.612000 0.193734 6.612000 53.388000 1.000000 
-0.103662 62.658700 -0.011520 -0.111303 -0.385000 0.119178 15.385000 44.615000 -1.000000 
-0.026076 50.719100 -0.000031 -0.087390 -2.151000 0.184060 2.849000 57.151000 1.000000 
-0.036343 62.674100 -0.000280 -0.102779 1.493000 0.101798 6.493000 53.507000 1.000000 
-0.022216 49.788500 -0.000038 -0.087449 -1.765000 0.186622 3.235000 56.765000 1.000000 
-0.031652 45.412200 -0.000146 -0.109047 -1.401000 0.215888 3.599000 56.401000 1.000000 
-0.034902 54.954100 -0.000193 -0.109628 1.683000 0.157940 6.683000 53.317000 1.000000 
-0.042290 61.264500 -0.000161 -0.087490 -1.493000 0.143752 3.507000 56.493000 1.000000 
-0.031301 63.112100 -0.000293 -0.103017 2.867000 0.094189 7.867000 52.133000 1.000000 
-0.056206 79.648600 -0.000366 -0.116305 1.732000 0.099661 6.732000 53.268000 1.000000 
-0.017312 39.701700 -0.002400 -0.097609 -9.454000 0.153024 -4.454000 64.454000 -1.000000 
-0.103662 62.658700 -0.011520 -0.111303 -0.385000 0.119178 15.385000 44.615000 -1.000000 
-0.103662 62.658700 -0.011520 -0.111303 -0.385000 0.119178 15.385000 44.615000 -1.000000 
-0.035548 51.955700 -0.000273 -0.102723 1.168000 0.134039 6.168000 53.832000 1.000000 
-0.031460 42.534700 -0.003240 -0.110456 3.982000 0.054952 11.018000 48.982000 -1.000000 
-0.042453 61.978000 -0.000174 -0.087549 -1.106000 0.137802 3.894000 56.106000 1.000000 
-0.042107 61.031400 -0.000204 -0.083022 -0.931000 0.134336 4.069000 55.931000 1.000000 
-0.103662 62.658700 -0.011520 -0.111303 -0.385000 0.119178 15.385000 44.615000 -1.000000 
-0.099543 62.741000 -0.011280 -0.111117 0.571000 0.119832 14.429000 45.571000 -1.000000 
-0.033616 51.612100 -0.000278 -0.102764 1.407000 0.138817 6.407000 53.593000 1.000000 
-0.025877 50.287500 -0.000031 -0.087461 -1.686000 0.188563 3.314000 56.686000 1.000000 
-0.045755 47.232400 -0.000124 -0.109035 -1.466000 0.205902 3.534000 56.466000 1.000000 
-0.029085 42.505300 -0.000185 -0.109615 1.612000 0.193734 6.612000 53.388000 1.000000 
-0.047693 77.159100 -0.001261 -0.117168 2.566000 0.102970 7.566000 52.434000 1.000000 
-0.047693 77.159100 -0.001261 -0.117168 2.566000 0.102970 7.566000 52.434000 1.000000 
-0.045637 61.779000 -0.005040 -0.085334 -4.064000 0.107270 19.064000 40.936000 -1.000000 
-0.037937 60.238500 -0.000030 -0.106614 -2.157000 0.135674 2.843000 57.157000 1.000000 
-0.047410 74.997500 -0.001226 -0.117141 2.429000 0.106557 7.429000 52.571000 1.000000 
-0.026359 54.492100 -0.000031 -0.087449 -1.765000 0.171014 3.235000 56.765000 1.000000 
-0.033913 49.975200 -0.000191 -0.109288 -0.116000 0.192783 4.884000 55.116000 1.000000 
-0.025501 50.954300 -0.000031 -0.087474 -1.598000 0.181218 3.402000 56.598000 1.000000 
-0.025501 50.954300 -0.000031 -0.087474 -1.598000 0.181218 3.402000 56.598000 1.000000 
-0.026475 51.030500 -0.000031 -0.087484 -1.535000 0.186405 3.465000 56.535000 1.000000 
-0.046014 68.847700 -0.000375 -0.094906 2.051000 0.115526 7.051000 52.949000 1.000000 
-0.024053 51.207100 -0.000039 -0.083928 -1.922000 0.183354 3.078000 56.922000 1.000000 
-0.031235 39.901600 -0.000183 -0.107700 -3.673000 0.213180 1.327000 58.673000 1.000000 
-0.034902 54.954100 -0.000193 -0.109628 1.683000 0.157940 6.683000 53.317000 1.000000 
-0.047894 78.206800 -0.001267 -0.117178 2.618000 0.104242 7.618000 52.382000 1.000000 
-0.031304 62.589300 -0.000290 -0.102974 2.620000 0.108564 7.620000 52.380000 1.000000 
-0.112255 65.352300 -0.011520 -0.106276 -11.023000 0.113488 26.023000 33.977000 -1.000000 
-0.039853 46.363400 -0.000086 -0.109037 -1.452000 0.146952 3.548000 56.452000 1.000000 
-0.047917 76.260700 -0.001194 -0.117114 2.292000 0.106859 7.292000 52.708000 1.000000 
-0.042160 62.117900 -0.000199 -0.087613 -0.693000 0.129190 4.307000 55.693000 1.000000 
-0.035708 61.246000 -0.000278 -0.102749 1.320000 0.115461 6.320000 53.680000 1.000000 
-0.025818 46.914000 -0.000205 -0.102690 0.979000 0.174045 5.979000 54.021000 1.000000 
-0.036179 53.806400 -0.000306 -0.102835 1.815000 0.125826 6.815000 53.185000 1.000000 
-0.031067 61.029500 -0.000293 -0.102975 2.625000 0.102656 7.625000 52.375000 1.000000 
-0.031003 61.083500 -0.000290 -0.102939 2.417000 0.114169 7.417000 52.583000 1.000000 
-0.031140 61.075500 -0.000290 -0.102958 2.525000 0.115253 7.525000 52.475000 1.000000 
-0.030834 61.526000 -0.000290 -0.102947 2.463000 0.104016 7.463000 52.537000 1.000000 
-0.030223 61.615900 -0.000293 -0.102979 2.644000 0.105679 7.644000 52.356000 1.000000 
-0.029896 63.513500 -0.000288 -0.102869 2.012000 0.139450 7.012000 52.988000 1.000000 
-0.032472 63.421700 -0.000278 -0.095848 1.566000 0.075899 6.566000 53.434000 1.000000 
-0.033506 57.090600 -0.000265 -0.103448 0.330000 0.152937 5.330000 54.670000 1.000000 
-0.032065 59.632100 -0.000283 -0.093055 1.802000 0.110361 6.802000 53.198000 1.000000 
-0.041654 61.575100 -0.000202 -0.087608 -0.721000 0.130187 4.279000 55.721000 1.000000 
-0.026738 50.294500 -0.000031 -0.087509 -1.370000 0.182041 3.630000 56.370000 1.000000 
-0.034902 54.954100 -0.000193 -0.109628 1.683000 0.157940 6.683000 53.317000 1.000000 
-0.029085 42.505300 -0.000185 -0.109615 1.612000 0.193734 6.612000 53.388000 1.000000 
-0.025852 49.409700 -0.000031 -0.092697 -1.753000 0.191349 3.247000 56.753000 1.000000 
-0.031653 63.298300 -0.000295 -0.097967 2.966000 0.094385 7.966000 52.034000 1.000000 
-0.047593 78.502800 -0.001176 -0.117156 2.504000 0.102780 7.504000 52.496000 1.000000 
-0.041450 61.564200 -0.000222 -0.087639 -0.522000 0.133184 4.478000 55.522000 1.000000 
-0.031003 61.083500 -0.000290 -0.102939 2.417000 0.114169 7.417000 52.583000 1.000000 
-0.031003 61.083500 -0.000290 -0.102939 2.417000 0.114169 7.417000 52.583000 1.000000 
-0.028879 43.985300 -0.000185 -0.111296 1.365000 0.195937 6.365000 53.635000 1.000000 
-0.029845 42.890800 -0.000172 -0.108834 -2.536000 0.216905 2.464000 57.536000 1.000000 
-0.030820 44.201900 -0.000172 -0.108762 -2.923000 0.209182 2.077000 57.923000 1.000000 
-0.034902 54.954100 -0.000193 -0.109628 1.683000 0.157940 6.683000 53.317000 1.000000 
-0.034902 54.954100 -0.000193 -0.109628 1.683000 0.157940 6.683000 53.317000 1.000000 
-0.030289 43.218300 -0.000183 -0.112982 1.148000 0.200343 6.148000 53.852000 1.000000 
-0.043681 63.345800 -0.005880 -0.117859 3.931000 0.137949 11.069000 48.931000 -1.000000 
-0.032468 77.549900 -0.000298 -0.103157 3.666000 0.055091 8.666000 51.334000 1.000000 
-0.031487 77.183200 -0.000295 -0.118239 2.980000 0.122745 7.980000 52.020000 1.000000 
-0.028203 38.837800 -0.000096 -0.090235 -0.709000 0.223647 4.291000 55.709000 1.000000 
-0.028674 38.311900 -0.000086 -0.112692 -0.343000 0.240027 4.657000 55.343000 1.000000 
-0.033002 50.671500 -0.000160 -0.109112 -1.056000 0.191014 3.944000 56.056000 1.000000 
-0.034902 54.954100 -0.000193 -0.109628 1.683000 0.157940 6.683000 53.317000 1.000000 
-0.034902 54.954100 -0.000193 -0.109628 1.683000 0.157940 6.683000 53.317000 1.000000 
-0.034862 58.036100 -0.000194 -0.110139 -1.082000 0.159158 3.918000 56.082000 1.000000 
-0.034877 54.469200 -0.000312 -0.102961 2.544000 0.114511 7.544000 52.456000 1.000000 
-0.034999 54.782900 -0.000194 -0.109520 1.108000 0.166722 6.108000 53.892000 1.000000 
-0.027415 48.909900 -0.000031 -0.087379 -2.220000 0.178536 2.780000 57.220000 1.000000 
-0.031629 61.326600 -0.000283 -0.102779 1.495000 0.110779 6.495000 53.505000 1.000000 
-0.028120 41.864200 -0.000123 -0.108944 -1.948000 0.224331 3.052000 56.948000 1.000000 
-0.033878 45.275400 -0.000188 -0.109084 -1.202000 0.213284 3.798000 56.202000 1.000000 
-0.029085 42.505300 -0.000185 -0.109615 1.612000 0.193734 6.612000 53.388000 1.000000 
-0.038120 52.743900 -0.000239 -0.103318 -0.411000 0.169570 4.589000 55.411000 1.000000 
-0.040390 119.158000 -0.003240 -0.109331 0.108000 0.053222 5.108000 54.892000 -1.000000 
-0.031810 59.466200 -0.000288 -0.102879 2.072000 0.148127 7.072000 52.928000 1.000000 
-0.026841 51.003800 -0.000030 -0.077328 -1.594000 0.179678 3.406000 56.594000 1.000000 
-0.031783 42.296500 -0.000177 -0.108638 -3.589000 0.206701 1.411000 58.589000 1.000000 
-0.029085 42.505300 -0.000185 -0.109615 1.612000 0.193734 6.612000 53.388000 1.000000 
-0.033108 61.566700 -0.000285 -0.102846 1.881000 0.094081 6.881000 53.119000 1.000000 
-0.028683 41.612400 -0.000178 -0.109602 -3.932000 0.204114 1.068000 58.932000 1.000000 
-0.033135 25.594900 -0.003240 -0.116974 -9.876000 0.231554 -4.876000 64.876000 -1.000000 
-0.032627 60.281700 -0.000298 -0.093643 3.389000 0.142915 8.389000 51.611000 1.000000 
-0.031136 41.320800 -0.000178 -0.108640 -3.580000 0.206218 1.420000 58.580000 1.000000 
-0.029085 42.505300 -0.000185 -0.109615 1.612000 0.193734 6.612000 53.388000 1.000000 
-0.029085 42.505300 -0.000185 -0.109615 1.612000 0.193734 6.612000 53.388000 1.000000 
-0.030815 41.493900 -0.000172 -0.108757 -2.953000 0.220050 2.047000 57.953000 1.000000 
-0.047410 74.997500 -0.001226 -0.117141 2.429000 0.106557 7.429000 52.571000 1.000000 
-0.048548 75.952900 -0.001267 -0.115515 2.675000 0.106485 7.675000 52.325000 1.000000 
-0.035641 53.682300 -0.000306 -0.102843 1.864000 0.121798 6.864000 53.136000 1.000000 
-0.029042 38.262800 -0.000083 -0.112535 -1.151000 0.258778 3.849000 56.151000 1.000000 
-0.040599 49.409200 -0.000236 -0.105720 -0.239000 0.193609 4.761000 55.239000 1.000000 
-0.020996 54.985700 -0.000055 -0.096912 -1.971000 0.171954 3.029000 56.971000 1.000000 
-0.032954 52.335000 -0.000193 -0.107824 1.280000 0.173064 6.280000 53.720000 1.000000 
-0.029085 42.505300 -0.000185 -0.109615 1.612000 0.193734 6.612000 53.388000 1.000000 
-0.029085 42.505300 -0.000185 -0.109615 1.612000 0.193734 6.612000 53.388000 1.000000 
-0.029085 42.505300 -0.000185 -0.109615 1.612000 0.193734 6.612000 53.388000 1.000000 
-0.029085 42.505300 -0.000185 -0.109615 1.612000 0.193734 6.612000 53.388000 1.000000 
-0.029085 42.505300 -0.000185 -0.109615 1.612000 0.193734 6.612000 53.388000 1.000000 
-0.031003 61.083500 -0.000290 -0.102939 2.417000 0.114169 7.417000 52.583000 1.000000 
-0.030834 61.526000 -0.000290 -0.102947 2.463000 0.104016 7.463000 52.537000 1.000000 
-0.030619 32.332000 -0.000191 -0.108594 -3.825000 0.278131 1.175000 58.825000 1.000000 
-0.029085 42.505300 -0.000185 -0.109615 1.612000 0.193734 6.612000 53.388000 1.000000 
-0.036196 54.927700 -0.000190 -0.108949 -1.921000 0.163375 3.079000 56.921000 1.000000 
-0.031674 60.772800 -0.000290 -0.101271 2.530000 0.149383 7.530000 52.470000 1.000000 
-0.029085 42.505300 -0.000185 -0.109615 1.612000 0.193734 6.612000 53.388000 1.000000 
-0.029085 42.505300 -0.000185 -0.109615 1.612000 0.193734 6.612000 53.388000 1.000000 
-0.033913 49.975200 -0.000191 -0.109288 -0.116000 0.192783 4.884000 55.116000 1.000000 
-0.028241 38.159500 -0.000128 -0.107253 -1.127000 0.259149 3.873000 56.127000 1.000000 
-0.034313 51.217700 -0.000276 -0.102763 1.399000 0.130543 6.399000 53.601000 1.000000 
-0.030834 61.526000 -0.000290 -0.102947 2.463000 0.104016 7.463000 52.537000 1.000000 
-0.043407 96.125200 -0.003240 -0.111800 -1.028000 0.068589 3.972000 56.028000 -1.000000 
-0.032773 57.791200 -0.000290 -0.101246 2.382000 0.149643 7.382000 52.618000 1.000000 
-0.034902 54.954100 -0.000193 -0.109628 1.683000 0.157940 6.683000 53.317000 1.000000 
-0.027096 32.253100 -0.000153 -0.109418 0.571000 0.271792 5.571000 54.429000 1.000000 
-0.030834 61.526000 -0.000290 -0.102947 2.463000 0.104016 7.463000 52.537000 1.000000 
-0.032065 59.632100 -0.000283 -0.093055 1.802000 0.110361 6.802000 53.198000 1.000000 
-0.037137 55.605700 -0.000306 -0.102899 2.187000 0.106406 7.187000 52.813000 1.000000 
-0.030242 43.138100 -0.000178 -0.108703 -3.242000 0.200903 1.758000 58.242000 1.000000 
-0.033909 47.561600 -0.003240 -0.111128 0.514000 0.014424 14.486000 45.514000 -1.000000 
-0.029085 42.505300 -0.000185 -0.109615 1.612000 0.193734 6.612000 53.388000 1.000000 
-0.031062 46.334700 -0.000185 -0.111132 0.507000 0.201188 5.507000 54.493000 1.000000 
-0.029085 42.505300 -0.000185 -0.109615 1.612000 0.193734 6.612000 53.388000 1.000000 
-0.037617 56.494000 -0.000293 -0.092844 0.456000 0.121005 5.456000 54.544000 1.000000 
-0.027430 38.401100 -0.000053 -0.110768 -1.394000 0.212353 3.606000 56.394000 1.000000 
-0.029085 42.505300 -0.000185 -0.109615 1.612000 0.193734 6.612000 53.388000 1.000000 
-0.034902 54.954100 -0.000193 -0.109628 1.683000 0.157940 6.683000 53.317000 1.000000 
-0.029085 42.505300 -0.000185 -0.109615 1.612000 0.193734 6.612000 53.388000 1.000000 
-0.029085 42.505300 -0.000185 -0.109615 1.612000 0.193734 6.612000 53.388000 1.000000 
-0.032065 59.632100 -0.000283 -0.093055 1.802000 0.110361 6.802000 53.198000 1.000000 
-0.032065 59.632100 -0.000283 -0.093055 1.802000 0.110361 6.802000 53.198000 1.000000 
-0.029085 42.505300 -0.000185 -0.109615 1.612000 0.193734 6.612000 53.388000 1.000000 
-0.029085 42.505300 -0.000185 -0.109615 1.612000 0.193734 6.612000 53.388000 1.000000 
-0.030289 43.218300 -0.000183 -0.112982 1.148000 0.200343 6.148000 53.852000 1.000000 
-0.031699 41.620400 -0.000178 -0.108614 -3.717000 0.204627 1.283000 58.717000 1.000000 
-0.031578 40.049500 -0.000193 -0.109720 2.163000 0.186343 7.163000 52.837000 1.000000 
-0.032847 58.925100 -0.000251 -0.093613 0.337000 0.113474 5.337000 54.663000 1.000000 
-0.031008 42.566900 -0.000180 -0.108624 -3.665000 0.197584 1.335000 58.665000 1.000000 
-0.029085 42.505300 -0.000185 -0.109615 1.612000 0.193734 6.612000 53.388000 1.000000 
-0.030289 43.218300 -0.000183 -0.112982 1.148000 0.200343 6.148000 53.852000 1.000000 
-0.036627 59.300800 -0.000194 -0.109246 -0.340000 0.153877 4.660000 55.340000 1.000000 
-0.037499 48.440100 -0.003120 -0.117598 -6.745000 0.126493 -1.745000 61.745000 -1.000000 
-0.033597 61.704900 -0.000302 -0.087184 3.150000 0.095067 8.150000 51.850000 1.000000 
-0.034701 51.900900 -0.000175 -0.109022 -1.536000 0.181969 3.464000 56.536000 1.000000 
-0.032702 45.655000 -0.000190 -0.108510 -4.276000 0.177313 0.724000 59.276000 1.000000 
-0.029085 42.505300 -0.000185 -0.109615 1.612000 0.193734 6.612000 53.388000 1.000000 
-0.030317 39.764000 -0.000183 -0.108617 -3.704000 0.214057 1.296000 58.704000 1.000000 
-0.030289 43.218300 -0.000183 -0.112982 1.148000 0.200343 6.148000 53.852000 1.000000 
-0.029085 42.505300 -0.000185 -0.109615 1.612000 0.193734 6.612000 53.388000 1.000000 
-0.029085 42.505300 -0.000185 -0.109615 1.612000 0.193734 6.612000 53.388000 1.000000 
-0.029085 42.505300 -0.000185 -0.109615 1.612000 0.193734 6.612000 53.388000 1.000000 
-0.031259 46.732100 -0.000162 -0.109011 -1.592000 0.208944 3.408000 56.592000 1.000000 
-0.030855 40.477500 -0.000181 -0.108543 -4.099000 0.205554 0.901000 59.099000 1.000000 
-0.033907 52.579600 -0.000193 -0.109299 -0.058000 0.180947 4.942000 55.058000 1.000000 
-0.029085 42.505300 -0.000185 -0.109615 1.612000 0.193734 6.612000 53.388000 1.000000 
-0.036858 54.933500 -0.000191 -0.109862 -2.085000 0.162048 2.915000 57.085000 1.000000 
-0.033859 46.658700 -0.000177 -0.108763 -2.918000 0.192064 2.082000 57.918000 1.000000 
-0.031235 39.901600 -0.000183 -0.107700 -3.673000 0.213180 1.327000 58.673000 1.000000 
-0.034732 50.754900 -0.000194 -0.109256 -0.291000 0.188625 4.709000 55.291000 1.000000 
-0.029085 42.505300 -0.000185 -0.109615 1.612000 0.193734 6.612000 53.388000 1.000000 
-0.034379 50.808600 -0.000165 -0.109092 -1.159000 0.188490 3.841000 56.159000 1.000000 
-0.029085 42.505300 -0.000185 -0.109615 1.612000 0.193734 6.612000 53.388000 1.000000 
-0.028898 27.014900 -0.003000 -0.107287 -10.936000 0.202656 -5.936000 65.936000 -1.000000 
-0.041233 51.100900 -0.000123 -0.109074 -1.259000 0.195355 3.741000 56.259000 1.000000 
-0.020806 50.435600 -0.000180 -0.087006 1.940000 0.150336 6.940000 53.060000 1.000000 
-0.036274 38.795200 -0.003240 -0.111270 -0.215000 0.015628 15.215000 44.785000 -1.000000 
-0.038725 64.146500 -0.003240 -0.110201 -0.312000 0.135679 4.688000 55.312000 -1.000000 
-0.029085 42.505300 -0.000185 -0.109615 1.612000 0.193734 6.612000 53.388000 1.000000 
-0.029085 42.505300 -0.000185 -0.109615 1.612000 0.193734 6.612000 53.388000 1.000000 
-0.029085 42.505300 -0.000185 -0.109615 1.612000 0.193734 6.612000 53.388000 1.000000 
-0.032534 42.615100 -0.000190 -0.108494 -4.363000 0.186186 0.637000 59.363000 1.000000 
-0.029638 34.669800 -0.000180 -0.106554 -0.005000 0.289976 4.995000 55.005000 1.000000 
-0.034684 59.223000 -0.000103 -0.090572 -1.336000 0.122962 3.664000 56.336000 1.000000 
-0.029085 42.505300 -0.000185 -0.109615 1.612000 0.193734 6.612000 53.388000 1.000000 
-0.029085 42.505300 -0.000185 -0.109615 1.612000 0.193734 6.612000 53.388000 1.000000 
-0.032511 58.881900 -0.000261 -0.093685 0.790000 0.162897 5.790000 54.210000 1.000000 
-0.028397 37.288300 -0.000055 -0.109092 -1.163000 0.241057 3.837000 56.163000 1.000000 
-0.029085 42.505300 -0.000185 -0.109615 1.612000 0.193734 6.612000 53.388000 1.000000 
-0.030010 35.818600 -0.000185 -0.108492 -4.377000 0.228324 0.623000 59.377000 1.000000 
-0.033012 60.276900 -0.000295 -0.093089 2.021000 0.108633 7.021000 52.979000 1.000000 
-0.032835 59.995800 -0.000293 -0.087139 2.846000 0.097551 7.846000 52.154000 1.000000 
-0.029085 42.505300 -0.000185 -0.109615 1.612000 0.193734 6.612000 53.388000 1.000000 
-0.029085 42.505300 -0.000185 -0.109615 1.612000 0.193734 6.612000 53.388000 1.000000 
-0.030958 43.099700 -0.000173 -0.108710 -3.205000 0.206509 1.795000 58.205000 1.000000 
-0.029085 42.505300 -0.000185 -0.109615 1.612000 0.193734 6.612000 53.388000 1.000000 
-0.029085 42.505300 -0.000185 -0.109615 1.612000 0.193734 6.612000 53.388000 1.000000 
-0.031273 41.321300 -0.000181 -0.108532 -4.161000 0.199819 0.839000 59.161000 1.000000 
-0.029085 42.505300 -0.000185 -0.109615 1.612000 0.193734 6.612000 53.388000 1.000000 
-0.029085 42.505300 -0.000185 -0.109615 1.612000 0.193734 6.612000 53.388000 1.000000 
-0.033386 61.658000 -0.000300 -0.087150 2.919000 0.097017 7.919000 52.081000 1.000000 
-0.032368 45.302300 -0.000139 -0.109017 -1.561000 0.213618 3.439000 56.561000 1.000000 
-0.029085 42.505300 -0.000185 -0.109615 1.612000 0.193734 6.612000 53.388000 1.000000 
-0.029085 42.505300 -0.000185 -0.109615 1.612000 0.193734 6.612000 53.388000 1.000000 
-0.029085 42.505300 -0.000185 -0.109615 1.612000 0.193734 6.612000 53.388000 1.000000 
-0.037881 61.124300 -0.000196 -0.109131 -0.951000 0.143988 4.049000 55.951000 1.000000 
-0.029085 42.505300 -0.000185 -0.109615 1.612000 0.193734 6.612000 53.388000 1.000000 
-0.029085 42.505300 -0.000185 -0.109615 1.612000 0.193734 6.612000 53.388000 1.000000 
-0.032770 49.417800 -0.000193 -0.114247 -1.196000 0.193570 3.804000 56.196000 1.000000 
-0.035615 60.174200 -0.000305 -0.082229 3.966000 0.085837 8.966000 51.034000 1.000000 
-0.029085 42.505300 -0.000185 -0.109615 1.612000 0.193734 6.612000 53.388000 1.000000 
-0.029085 42.505300 -0.000185 -0.109615 1.612000 0.193734 6.612000 53.388000 1.000000 
-0.027096 32.253100 -0.000153 -0.109418 0.571000 0.271792 5.571000 54.429000 1.000000 
-0.027096 32.253100 -0.000153 -0.109418 0.571000 0.271792 5.571000 54.429000 1.000000 
-0.035416 57.489200 -0.000196 -0.109206 -0.555000 0.159729 4.445000 55.555000 1.000000 
-0.028650 27.827400 -0.000170 -0.108742 -3.034000 0.339073 1.966000 58.034000 1.000000 
-0.031223 29.749900 -0.003240 -0.111002 -9.179000 0.190398 -4.179000 64.179000 -1.000000 
-0.029085 42.505300 -0.000185 -0.109615 1.612000 0.193734 6.612000 53.388000 1.000000 
-0.029428 35.697100 -0.000178 -0.106625 0.393000 0.283294 5.393000 54.607000 1.000000 
-0.034934 61.139900 -0.000217 -0.083740 -0.368000 0.124749 4.632000 55.368000 1.000000 
-0.029085 42.505300 -0.000185 -0.109615 1.612000 0.193734 6.612000 53.388000 1.000000 
-0.030855 40.477500 -0.000181 -0.108543 -4.099000 0.205554 0.901000 59.099000 1.000000 
-0.037452 35.515700 -0.003240 -0.110987 1.240000 0.047778 13.760000 46.240000 -1.000000 
-0.032636 48.614300 -0.000162 -0.109110 -1.066000 0.201238 3.934000 56.066000 1.000000 
-0.029085 42.505300 -0.000185 -0.109615 1.612000 0.193734 6.612000 53.388000 1.000000 
-0.029085 42.505300 -0.000185 -0.109615 1.612000 0.193734 6.612000 53.388000 1.000000 
-0.029085 42.505300 -0.000185 -0.109615 1.612000 0.193734 6.612000 53.388000 1.000000 
-0.030980 29.830300 -0.000164 -0.109324 0.071000 0.284551 5.071000 54.929000 1.000000 
-0.033086 49.521100 -0.000191 -0.109301 -0.048000 0.192487 4.952000 55.048000 1.000000 
-0.029085 42.505300 -0.000185 -0.109615 1.612000 0.193734 6.612000 53.388000 1.000000 
-0.029085 42.505300 -0.000185 -0.109615 1.612000 0.193734 6.612000 53.388000 1.000000 
-0.029085 42.505300 -0.000185 -0.109615 1.612000 0.193734 6.612000 53.388000 1.000000 
-0.030547 41.063500 -0.000177 -0.108617 -3.704000 0.213551 1.296000 58.704000 1.000000 
-0.029085 42.505300 -0.000185 -0.109615 1.612000 0.193734 6.612000 53.388000 1.000000 
-0.029085 42.505300 -0.000185 -0.109615 1.612000 0.193734 6.612000 53.388000 1.000000 
-0.029129 41.814700 -0.000126 -0.109751 -3.140000 0.217055 1.860000 58.140000 1.000000 
-0.029085 42.505300 -0.000185 -0.109615 1.612000 0.193734 6.612000 53.388000 1.000000 
-0.027096 32.253100 -0.000153 -0.109418 0.571000 0.271792 5.571000 54.429000 1.000000 
-0.029085 42.505300 -0.000185 -0.109615 1.612000 0.193734 6.612000 53.388000 1.000000 
-0.029085 42.505300 -0.000185 -0.109615 1.612000 0.193734 6.612000 53.388000 1.000000 
-0.042030 50.635000 -0.000121 -0.109134 -0.938000 0.194112 4.062000 55.938000 1.000000 
-0.020527 50.036500 -0.000175 -0.082016 2.433000 0.159003 7.433000 52.567000 1.000000 
-0.035058 59.107000 -0.000305 -0.082166 3.515000 0.092071 8.515000 51.485000 1.000000 
-0.033016 51.573400 -0.000193 -0.109377 0.352000 0.183491 5.352000 54.648000 1.000000 
-0.027096 32.253100 -0.000153 -0.109418 0.571000 0.271792 5.571000 54.429000 1.000000 
-0.033726 28.388900 -0.000173 -0.109473 0.864000 0.286485 5.864000 54.136000 1.000000 
-0.029097 45.513600 -0.000135 -0.106818 1.469000 0.221240 6.469000 53.531000 1.000000 
-0.034774 60.561000 -0.000212 -0.083730 -0.436000 0.117172 4.564000 55.436000 1.000000 
-0.029085 42.505300 -0.000185 -0.109615 1.612000 0.193734 6.612000 53.388000 1.000000 
-0.031897 43.421400 -0.000175 -0.108695 -3.286000 0.204068 1.714000 58.286000 1.000000 
-0.028290 43.385700 -0.000137 -0.108424 1.034000 0.235374 6.034000 53.966000 1.000000 
-0.027642 36.835100 -0.000170 -0.108476 -4.459000 0.221153 0.541000 59.459000 1.000000 
-0.029085 42.505300 -0.000185 -0.109615 1.612000 0.193734 6.612000 53.388000 1.000000 
-0.036515 53.937300 -0.000185 -0.108888 -2.249000 0.168190 2.751000 57.249000 1.000000 
-0.027900 32.826700 -0.000164 -0.109579 1.423000 0.256015 6.423000 53.577000 1.000000 
-0.030980 29.830300 -0.000164 -0.109324 0.071000 0.284551 5.071000 54.929000 1.000000 
-0.029085 42.505300 -0.000185 -0.109615 1.612000 0.193734 6.612000 53.388000 1.000000 
-0.029085 42.505300 -0.000185 -0.109615 1.612000 0.193734 6.612000 53.388000 1.000000 
-0.029085 42.505300 -0.000185 -0.109615 1.612000 0.193734 6.612000 53.388000 1.000000 
-0.029085 42.505300 -0.000185 -0.109615 1.612000 0.193734 6.612000 53.388000 1.000000 
-0.034968 51.921800 -0.000167 -0.109008 -1.609000 0.182924 3.391000 56.609000 1.000000 
-0.030846 42.803600 -0.000172 -0.108762 -2.925000 0.212402 2.075000 57.925000 1.000000 
-0.029225 35.638700 -0.000178 -0.106616 0.341000 0.281372 5.341000 54.659000 1.000000 
-0.029219 33.591300 -0.000188 -0.108661 -3.465000 0.269300 1.535000 58.465000 1.000000 
-0.031862 46.591500 -0.000165 -0.108850 -2.452000 0.203358 2.548000 57.452000 1.000000 
-0.029085 42.505300 -0.000185 -0.109615 1.612000 0.193734 6.612000 53.388000 1.000000 
-0.029085 42.505300 -0.000185 -0.109615 1.612000 0.193734 6.612000 53.388000 1.000000 
-0.030732 45.136800 -0.000177 -0.108804 -2.701000 0.200866 2.299000 57.701000 1.000000 
-0.029085 42.505300 -0.000185 -0.109615 1.612000 0.193734 6.612000 53.388000 1.000000 
-0.031264 47.731200 -0.000168 -0.109049 -1.388000 0.203240 3.612000 56.388000 1.000000 
-0.028109 32.980300 -0.000154 -0.109481 0.905000 0.264378 5.905000 54.095000 1.000000 
-0.028973 45.708900 -0.000154 -0.109298 -0.067000 0.214188 4.933000 55.067000 1.000000 
-0.029428 35.697100 -0.000178 -0.106625 0.393000 0.283294 5.393000 54.607000 1.000000 
-0.029085 42.505300 -0.000185 -0.109615 1.612000 0.193734 6.612000 53.388000 1.000000 
-0.027096 32.253100 -0.000153 -0.109418 0.571000 0.271792 5.571000 54.429000 1.000000 
-0.035615 60.174200 -0.000305 -0.082229 3.966000 0.085837 8.966000 51.034000 1.000000 
-0.027900 32.826700 -0.000164 -0.109579 1.423000 0.256015 6.423000 53.577000 1.000000 
-0.029531 30.113200 -0.000163 -0.109382 0.378000 0.286022 5.378000 54.622000 1.000000 
-0.032715 43.254900 -0.000180 -0.108703 -3.243000 0.199836 1.757000 58.243000 1.000000 
-0.030105 31.061300 -0.000151 -0.109284 -0.142000 0.284057 4.858000 55.142000 1.000000 
-0.030585 34.632200 -0.000180 -0.106595 0.228000 0.287338 5.228000 54.772000 1.000000 
-0.034539 60.700700 -0.000204 -0.083718 -0.521000 0.116227 4.479000 55.521000 1.000000 
-0.029085 42.505300 -0.000185 -0.109615 1.612000 0.193734 6.612000 53.388000 1.000000 
-0.029085 42.505300 -0.000185 -0.109615 1.612000 0.193734 6.612000 53.388000 1.000000 
-0.030839 33.895500 -0.000180 -0.106564 0.052000 0.295818 5.052000 54.948000 1.000000 
-0.029428 35.697100 -0.000178 -0.106625 0.393000 0.283294 5.393000 54.607000 1.000000 
-0.033608 25.251300 -0.000167 -0.108818 -2.626000 0.376448 2.374000 57.626000 1.000000 
-0.035828 61.127500 -0.005160 -0.082247 4.096000 0.083753 9.096000 50.904000 -1.000000 
-0.029428 35.697100 -0.000178 -0.106625 0.393000 0.283294 5.393000 54.607000 1.000000 
-0.027900 32.826700 -0.000164 -0.109579 1.423000 0.256015 6.423000 53.577000 1.000000 
-0.031684 47.885500 -0.000186 -0.109166 -0.769000 0.205291 4.231000 55.769000 1.000000 
-0.026148 37.521700 -0.000124 -0.107635 0.970000 0.255481 5.970000 54.030000 1.000000 
-0.039941 45.049900 -0.000127 -0.108889 -2.245000 0.210572 2.755000 57.245000 1.000000 
-0.019687 52.316100 -0.000179 -0.082112 3.125000 0.153290 8.125000 51.875000 1.000000 
-0.034680 51.591600 -0.000191 -0.109195 -0.612000 0.184677 4.388000 55.612000 1.000000 
-0.034432 58.289800 -0.000305 -0.082185 3.648000 0.088710 8.648000 51.352000 1.000000 
-0.034436 60.131300 -0.000302 -0.095614 3.039000 0.096988 8.039000 51.961000 1.000000 
-0.027833 41.239200 -0.000173 -0.093354 1.562000 0.251220 6.562000 53.438000 1.000000 
-0.027531 34.947500 -0.000170 -0.109784 2.504000 0.224744 7.504000 52.496000 1.000000 
-0.030980 29.830300 -0.000164 -0.109324 0.071000 0.284551 5.071000 54.929000 1.000000 
-0.029092 31.078100 -0.000164 -0.109520 1.110000 0.277215 6.110000 53.890000 1.000000 
-0.030980 29.830300 -0.000164 -0.109324 0.071000 0.284551 5.071000 54.929000 1.000000 
-0.030611 38.306500 -0.000185 -0.108531 -4.166000 0.214986 0.834000 59.166000 1.000000 
-0.036584 44.030700 -0.002880 -0.110297 -12.944000 0.037846 -7.944000 67.944000 -1.000000 
-0.031558 39.139500 -0.000148 -0.109191 -0.636000 0.232827 4.364000 55.636000 1.000000 
-0.029085 42.505300 -0.000185 -0.109615 1.612000 0.193734 6.612000 53.388000 1.000000 
-0.032710 27.311500 -0.000171 -0.109321 0.057000 0.322954 5.057000 54.943000 1.000000 
-0.033726 28.388900 -0.000173 -0.109473 0.864000 0.286485 5.864000 54.136000 1.000000 
-0.033272 27.408900 -0.000170 -0.109315 0.023000 0.320397 5.023000 54.977000 1.000000 
-0.032710 27.311500 -0.000171 -0.109321 0.057000 0.322954 5.057000 54.943000 1.000000 
-0.030229 34.640700 -0.000180 -0.106627 0.404000 0.286513 5.404000 54.596000 1.000000 
-0.027096 32.253100 -0.000153 -0.109418 0.571000 0.271792 5.571000 54.429000 1.000000 
-0.033261 43.262400 -0.000175 -0.108746 -3.011000 0.205229 1.989000 58.011000 1.000000 
-0.027104 37.176700 -0.000157 -0.107866 2.232000 0.234302 7.232000 52.768000 1.000000 
-0.027531 34.947500 -0.000170 -0.109784 2.504000 0.224744 7.504000 52.496000 1.000000 
-0.027096 32.253100 -0.000153 -0.109418 0.571000 0.271792 5.571000 54.429000 1.000000 
-0.027445 41.352600 -0.000140 -0.106875 1.784000 0.246167 6.784000 53.216000 1.000000 
-0.035423 59.705500 -0.000204 -0.083709 -0.581000 0.118205 4.419000 55.581000 1.000000 
-0.030980 29.830300 -0.000164 -0.109324 0.071000 0.284551 5.071000 54.929000 1.000000 
-0.030980 29.830300 -0.000164 -0.109324 0.071000 0.284551 5.071000 54.929000 1.000000 
-0.037010 22.796100 -0.002880 -0.108421 -4.758000 0.392870 0.242000 59.758000 -1.000000 
-0.027900 32.826700 -0.000164 -0.109579 1.423000 0.256015 6.423000 53.577000 1.000000 
-0.030980 29.830300 -0.000164 -0.109324 0.071000 0.284551 5.071000 54.929000 1.000000 
-0.029085 42.505300 -0.000185 -0.109615 1.612000 0.193734 6.612000 53.388000 1.000000 
-0.033272 27.408900 -0.000170 -0.109315 0.023000 0.320397 5.023000 54.977000 1.000000 
-0.034741 59.185100 -0.000305 -0.082196 3.731000 0.093956 8.731000 51.269000 1.000000 
-0.024976 28.603500 -0.000146 -0.104614 -1.481000 0.332166 3.519000 56.481000 1.000000 
-0.028600 40.928400 -0.000094 -0.112396 -1.872000 0.244815 3.128000 56.872000 1.000000 
-0.040923 52.174700 -0.000282 -0.106874 1.779000 0.187524 6.779000 53.221000 1.000000 
-0.020475 44.910900 -0.000084 -0.083706 -0.605000 0.184382 4.395000 55.605000 1.000000 
-0.030770 29.288700 -0.000170 -0.109652 1.806000 0.272336 6.806000 53.194000 1.000000 
-0.030373 27.394600 -0.000171 -0.108519 -4.229000 0.327574 0.771000 59.229000 1.000000 
-0.029078 30.715900 -0.000164 -0.109484 0.918000 0.279676 5.918000 54.082000 1.000000 
-0.037765 44.443400 -0.000122 -0.109172 -0.734000 0.210327 4.266000 55.734000 1.000000 
-0.030343 40.354900 -0.000178 -0.107707 -3.633000 0.211160 1.367000 58.633000 1.000000 
-0.027830 35.174700 -0.000156 -0.109489 0.944000 0.248182 5.944000 54.056000 1.000000 
-0.031538 41.734900 -0.000177 -0.108659 -3.478000 0.206151 1.522000 58.478000 1.000000 
-0.027096 32.253100 -0.000153 -0.109418 0.571000 0.271792 5.571000 54.429000 1.000000 
-0.029428 35.697100 -0.000178 -0.106625 0.393000 0.283294 5.393000 54.607000 1.000000 
-0.033454 46.442600 -0.000168 -0.108930 -2.023000 0.200783 2.977000 57.023000 1.000000 
-0.033272 27.408900 -0.000170 -0.109315 0.023000 0.320397 5.023000 54.977000 1.000000 
-0.032710 27.311500 -0.000171 -0.109321 0.057000 0.322954 5.057000 54.943000 1.000000 
-0.029406 36.008800 -0.000177 -0.106580 0.141000 0.279484 5.141000 54.859000 1.000000 
-0.030931 34.544700 -0.000180 -0.106584 0.162000 0.288712 5.162000 54.838000 1.000000 
-0.026767 32.683800 -0.000161 -0.108623 1.329000 0.263662 6.329000 53.671000 1.000000 
-0.032710 27.311500 -0.000171 -0.109321 0.057000 0.322954 5.057000 54.943000 1.000000 
-0.029739 30.650900 -0.000164 -0.109449 0.736000 0.272220 5.736000 54.264000 1.000000 
-0.038725 45.713300 -0.000126 -0.108958 -1.878000 0.210562 3.122000 56.878000 1.000000 
-0.028017 43.537100 -0.000164 -0.107115 3.112000 0.219572 8.112000 51.888000 1.000000 
-0.041310 51.549900 -0.000121 -0.109124 -0.993000 0.190379 4.007000 55.993000 1.000000 
-0.029092 31.078100 -0.000164 -0.109520 1.110000 0.277215 6.110000 53.890000 1.000000 
-0.033726 28.388900 -0.000173 -0.109473 0.864000 0.286485 5.864000 54.136000 1.000000 
-0.027096 32.253100 -0.000153 -0.109418 0.571000 0.271792 5.571000 54.429000 1.000000 
-0.040923 52.174700 -0.000282 -0.106874 1.779000 0.187524 6.779000 53.221000 1.000000 
-0.028961 28.598100 -0.002880 -0.107202 -11.407000 0.181506 -6.407000 66.407000 -1.000000 
-0.040923 52.174700 -0.000282 -0.106874 1.779000 0.187524 6.779000 53.221000 1.000000 
-0.039397 47.944600 -0.000229 -0.109090 -0.337000 0.203050 4.663000 55.337000 1.000000 
-0.029413 30.640700 -0.000177 -0.107679 -3.787000 0.290349 1.213000 58.787000 1.000000 
-0.029085 42.505300 -0.000185 -0.109615 1.612000 0.193734 6.612000 53.388000 1.000000 
-0.027900 32.826700 -0.000164 -0.109579 1.423000 0.256015 6.423000 53.577000 1.000000 
-0.040495 49.551900 -0.000287 -0.106843 1.604000 0.202849 6.604000 53.396000 1.000000 
-0.035954 42.708100 -0.002880 -0.107402 -10.305000 0.086285 -5.305000 65.305000 -1.000000 
-0.030217 31.341400 -0.000166 -0.109609 1.578000 0.267147 6.578000 53.422000 1.000000 
-0.029938 29.874700 -0.000168 -0.109641 1.749000 0.270774 6.749000 53.251000 1.000000 
-0.041915 49.840900 -0.000181 -0.106505 -0.888000 0.190912 4.112000 55.888000 1.000000 
-0.027922 44.428400 -0.000138 -0.106848 1.636000 0.227612 6.636000 53.364000 1.000000 
-0.040696 57.524300 -0.002880 -0.106913 -13.008000 -0.012495 -8.008000 68.008000 -1.000000 
-0.027278 28.464900 -0.000174 -0.108989 -6.712000 0.278641 -1.712000 61.712000 1.000000 
-0.029739 30.650900 -0.000164 -0.109449 0.736000 0.272220 5.736000 54.264000 1.000000 
-0.027096 32.253100 -0.000153 -0.109418 0.571000 0.271792 5.571000 54.429000 1.000000 
-0.028930 32.862000 -0.000171 -0.109818 2.683000 0.223070 7.683000 52.317000 1.000000 
-0.029297 34.379500 -0.000174 -0.109965 3.455000 0.206677 8.455000 51.545000 1.000000 
-0.030035 29.138500 -0.000167 -0.109471 0.853000 0.288099 5.853000 54.147000 1.000000 
-0.027096 32.253100 -0.000153 -0.109418 0.571000 0.271792 5.571000 54.429000 1.000000 
-0.028352 31.421500 -0.000164 -0.109457 0.779000 0.275197 5.779000 54.221000 1.000000 
-0.030770 29.288700 -0.000170 -0.109652 1.806000 0.272336 6.806000 53.194000 1.000000 
-0.028474 28.943900 -0.002880 -0.107244 -11.177000 0.185796 -6.177000 66.177000 -1.000000 
-0.032710 27.311500 -0.000171 -0.109321 0.057000 0.322954 5.057000 54.943000 1.000000 
-0.041141 49.556700 -0.000123 -0.109103 -1.103000 0.198649 3.897000 56.103000 1.000000 
-0.027922 44.428400 -0.000138 -0.106848 1.636000 0.227612 6.636000 53.364000 1.000000 
-0.027096 32.253100 -0.000153 -0.109418 0.571000 0.271792 5.571000 54.429000 1.000000 
-0.033272 27.408900 -0.000170 -0.109315 0.023000 0.320397 5.023000 54.977000 1.000000 
-0.033272 27.408900 -0.000170 -0.109315 0.023000 0.320397 5.023000 54.977000 1.000000 
-0.032710 27.311500 -0.000171 -0.109321 0.057000 0.322954 5.057000 54.943000 1.000000 
-0.029664 27.197900 -0.000171 -0.108906 -2.154000 0.358326 2.846000 57.154000 1.000000 
-0.030423 29.367600 -0.000163 -0.109338 0.145000 0.302190 5.145000 54.855000 1.000000 
-0.029423 29.422900 -0.002880 -0.107232 -11.243000 0.178551 -6.243000 66.243000 -1.000000 
-0.030348 28.739400 -0.002880 -0.107230 -11.253000 0.188570 -6.253000 66.253000 -1.000000 
-0.030770 29.288700 -0.000170 -0.109652 1.806000 0.272336 6.806000 53.194000 1.000000 
-0.027096 32.253100 -0.000153 -0.109418 0.571000 0.271792 5.571000 54.429000 1.000000 
-0.033457 25.840400 -0.000174 -0.108559 -4.013000 0.350350 0.987000 59.013000 1.000000 
-0.031189 30.106000 -0.000170 -0.109657 1.832000 0.263695 6.832000 53.168000 1.000000 
-0.030844 27.795000 -0.000170 -0.109094 -1.151000 0.338215 3.849000 56.151000 1.000000 
-0.027096 32.253100 -0.000153 -0.109418 0.571000 0.271792 5.571000 54.429000 1.000000 
-0.028770 39.740600 -0.000147 -0.112305 -2.344000 0.238707 2.656000 57.344000 1.000000 
-0.028238 42.787500 -0.000166 -0.109496 0.985000 0.220279 5.985000 54.015000 1.000000 
-0.030980 29.830300 -0.000164 -0.109324 0.071000 0.284551 5.071000 54.929000 1.000000 
-0.030556 24.640900 -0.002880 -0.111332 -7.433000 0.310438 -2.433000 62.433000 -1.000000 
-0.029781 27.568700 -0.000173 -0.108595 -3.818000 0.331193 1.182000 58.818000 1.000000 
-0.026586 34.439000 -0.000171 -0.109836 2.774000 0.221761 7.774000 52.226000 1.000000 
-0.033726 28.388900 -0.000173 -0.109473 0.864000 0.286485 5.864000 54.136000 1.000000 
-0.040445 51.275400 -0.000249 -0.107488 0.169000 0.194756 5.169000 54.831000 1.000000 
-0.030585 34.632200 -0.000180 -0.106595 0.228000 0.287338 5.228000 54.772000 1.000000 
-0.027900 32.826700 -0.000164 -0.109579 1.423000 0.256015 6.423000 53.577000 1.000000 
-0.029739 30.650900 -0.000164 -0.109449 0.736000 0.272220 5.736000 54.264000 1.000000 
-0.029531 30.113200 -0.000163 -0.109382 0.378000 0.286022 5.378000 54.622000 1.000000 
-0.027096 32.253100 -0.000153 -0.109418 0.571000 0.271792 5.571000 54.429000 1.000000 
-0.029531 30.113200 -0.000163 -0.109382 0.378000 0.286022 5.378000 54.622000 1.000000 
-0.039051 20.300400 -0.002880 -0.108216 -5.868000 0.428696 -0.868000 60.868000 -1.000000 
-0.032710 27.311500 -0.000171 -0.109321 0.057000 0.322954 5.057000 54.943000 1.000000 
-0.032228 47.682800 -0.000171 -0.107590 0.725000 0.206970 5.725000 54.275000 1.000000 
-0.030980 29.830300 -0.000164 -0.109324 0.071000 0.284551 5.071000 54.929000 1.000000 
-0.028511 31.584600 -0.000150 -0.109346 0.187000 0.282674 5.187000 54.813000 1.000000 
-0.032710 27.311500 -0.000171 -0.109321 0.057000 0.322954 5.057000 54.943000 1.000000 
-0.030035 29.138500 -0.000167 -0.109471 0.853000 0.288099 5.853000 54.147000 1.000000 
-0.032710 27.311500 -0.000171 -0.109321 0.057000 0.322954 5.057000 54.943000 1.000000 
-0.026945 34.850700 -0.000125 -0.107661 1.116000 0.270262 6.116000 53.884000 1.000000 
-0.042073 49.925300 -0.000121 -0.109084 -1.203000 0.198167 3.797000 56.203000 1.000000 
-0.026840 40.246000 -0.000141 -0.106829 1.529000 0.255500 6.529000 53.471000 1.000000 
-0.036323 46.264100 -0.000179 -0.107333 -0.685000 0.210765 4.315000 55.685000 1.000000 
-0.027096 32.253100 -0.000153 -0.109418 0.571000 0.271792 5.571000 54.429000 1.000000 
-0.027938 31.512300 -0.000145 -0.109307 -0.020000 0.289754 4.980000 55.020000 1.000000 
-0.033726 28.388900 -0.000173 -0.109473 0.864000 0.286485 5.864000 54.136000 1.000000 
-0.032710 27.311500 -0.000171 -0.109321 0.057000 0.322954 5.057000 54.943000 1.000000 
-0.033272 27.408900 -0.000170 -0.109315 0.023000 0.320397 5.023000 54.977000 1.000000 
-0.032710 27.311500 -0.000171 -0.109321 0.057000 0.322954 5.057000 54.943000 1.000000 
-0.029078 30.715900 -0.000164 -0.109484 0.918000 0.279676 5.918000 54.082000 1.000000 
-0.032710 27.311500 -0.000171 -0.109321 0.057000 0.322954 5.057000 54.943000 1.000000 
-0.032943 24.822300 -0.000174 -0.108577 -3.918000 0.368760 1.082000 58.918000 1.000000 
-0.026486 38.340500 -0.000108 -0.109021 -1.538000 0.251077 3.462000 56.538000 1.000000 
-0.036741 21.704300 -0.002880 -0.108178 -6.070000 0.390769 -1.070000 61.070000 -1.000000 
-0.030980 29.830300 -0.000164 -0.109324 0.071000 0.284551 5.071000 54.929000 1.000000 
-0.033272 27.408900 -0.000170 -0.109315 0.023000 0.320397 5.023000 54.977000 1.000000 
-0.040970 47.950900 -0.000287 -0.106828 1.524000 0.202878 6.524000 53.476000 1.000000 
-0.036013 40.539900 -0.002880 -0.103753 -11.789000 0.075816 -6.789000 66.789000 -1.000000 
-0.032710 27.311500 -0.000171 -0.109321 0.057000 0.322954 5.057000 54.943000 1.000000 
-0.032710 27.311500 -0.000171 -0.109321 0.057000 0.322954 5.057000 54.943000 1.000000 
-0.032710 27.311500 -0.000171 -0.109321 0.057000 0.322954 5.057000 54.943000 1.000000 
-0.040285 19.431500 -0.002880 -0.109342 -5.321000 0.451064 -0.321000 60.321000 -1.000000 
-0.029400 31.226700 -0.000170 -0.109738 2.259000 0.245237 7.259000 52.741000 1.000000 
-0.027637 33.879100 -0.000157 -0.109582 1.436000 0.243990 6.436000 53.564000 1.000000 
-0.041712 52.011500 -0.000280 -0.105170 1.674000 0.188824 6.674000 53.326000 1.000000 
-0.032710 27.311500 -0.000171 -0.109321 0.057000 0.322954 5.057000 54.943000 1.000000 
-0.032710 27.311500 -0.000171 -0.109321 0.057000 0.322954 5.057000 54.943000 1.000000 
-0.027096 32.253100 -0.000153 -0.109418 0.571000 0.271792 5.571000 54.429000 1.000000 
-0.029531 30.113200 -0.000163 -0.109382 0.378000 0.286022 5.378000 54.622000 1.000000 
-0.032441 26.116400 -0.000173 -0.108875 -2.317000 0.370587 2.683000 57.317000 1.000000 
-0.032710 27.311500 -0.000171 -0.109321 0.057000 0.322954 5.057000 54.943000 1.000000 
-0.029472 28.657300 -0.000171 -0.108955 -1.893000 0.335446 3.107000 56.893000 1.000000 
-0.031638 29.083900 -0.000166 -0.109503 1.021000 0.291449 6.021000 53.979000 1.000000 
-0.028838 33.638700 -0.000171 -0.108137 2.954000 0.231228 7.954000 52.046000 1.000000 
-0.032710 27.311500 -0.000171 -0.109321 0.057000 0.322954 5.057000 54.943000 1.000000 
-0.033726 28.388900 -0.000173 -0.109473 0.864000 0.286485 5.864000 54.136000 1.000000 
-0.029802 30.891400 -0.000166 -0.109525 1.138000 0.273003 6.138000 53.862000 1.000000 
-0.030980 29.830300 -0.000164 -0.109324 0.071000 0.284551 5.071000 54.929000 1.000000 
-0.030980 29.830300 -0.000164 -0.109324 0.071000 0.284551 5.071000 54.929000 1.000000 
-0.048182 52.625700 -0.000171 -0.109149 -0.855000 0.178580 4.145000 55.855000 1.000000 
-0.032710 27.311500 -0.000171 -0.109321 0.057000 0.322954 5.057000 54.943000 1.000000 
-0.030980 29.830300 -0.000164 -0.109324 0.071000 0.284551 5.071000 54.929000 1.000000 
-0.032710 27.311500 -0.000171 -0.109321 0.057000 0.322954 5.057000 54.943000 1.000000 
-0.029802 29.917100 -0.000167 -0.109533 1.181000 0.278126 6.181000 53.819000 1.000000 
-0.034404 24.047700 -0.000174 -0.108565 -3.980000 0.379184 1.020000 58.980000 1.000000 
-0.030637 30.515700 -0.000166 -0.109480 0.900000 0.269711 5.900000 54.100000 1.000000 
-0.032710 27.311500 -0.000171 -0.109321 0.057000 0.322954 5.057000 54.943000 1.000000 
-0.032710 27.311500 -0.000171 -0.109321 0.057000 0.322954 5.057000 54.943000 1.000000 
-0.030980 29.830300 -0.000164 -0.109324 0.071000 0.284551 5.071000 54.929000 1.000000 
-0.028027 29.358200 -0.000168 -0.108848 -2.466000 0.328050 2.534000 57.466000 1.000000 
-0.032710 27.311500 -0.000171 -0.109321 0.057000 0.322954 5.057000 54.943000 1.000000 
-0.032710 27.311500 -0.000171 -0.109321 0.057000 0.322954 5.057000 54.943000 1.000000 
-0.026847 34.410400 -0.000158 -0.112037 -3.737000 0.258226 1.263000 58.737000 1.000000 
-0.041712 52.011500 -0.000280 -0.105170 1.674000 0.188824 6.674000 53.326000 1.000000 
-0.032710 27.311500 -0.000171 -0.109321 0.057000 0.322954 5.057000 54.943000 1.000000 
-0.029400 31.226700 -0.000170 -0.109738 2.259000 0.245237 7.259000 52.741000 1.000000 
-0.032710 27.311500 -0.000171 -0.109321 0.057000 0.322954 5.057000 54.943000 1.000000 
-0.041561 49.524600 -0.000118 -0.109115 -1.040000 0.200183 3.960000 56.040000 1.000000 
-0.028049 45.319600 -0.000166 -0.105347 2.671000 0.216485 7.671000 52.329000 1.000000 
-0.032710 27.311500 -0.000171 -0.109321 0.057000 0.322954 5.057000 54.943000 1.000000 
-0.032526 34.001300 -0.002880 -0.106550 -15.027000 0.070458 -10.027000 70.027000 -1.000000 
-0.032710 27.311500 -0.000171 -0.109321 0.057000 0.322954 5.057000 54.943000 1.000000 
-0.028309 29.036900 -0.000171 -0.108641 -3.571000 0.314768 1.429000 58.571000 1.000000 
-0.027267 33.030700 -0.000111 -0.109115 -1.038000 0.285433 3.962000 56.038000 1.000000 
-0.030107 30.093300 -0.000167 -0.109498 0.993000 0.273176 5.993000 54.007000 1.000000 
