-0.019753 57.923600 -0.000117 -0.132393 0.738000 0.102435 5.738000 54.262000 1.000000 
-0.065395 75.376800 -0.000246 -0.143855 -38.883000 0.004864 53.883000 6.117000 1.000000 
-0.037138 68.071200 -0.000245 -0.132613 1.742000 0.016657 6.742000 53.258000 1.000000 
-0.072962 75.138200 -0.000198 -0.144344 -40.768000 0.102003 55.768000 4.232000 1.000000 
-0.134532 76.949800 -0.000504 -0.140403 -25.210000 0.100453 40.210000 19.790000 1.000000 
-0.044365 64.531000 -0.000045 -0.137512 -1.767000 0.141008 3.233000 56.767000 1.000000 
-0.036016 61.261700 -0.000132 -0.137510 -1.775000 0.152249 3.225000 56.775000 1.000000 
-0.026212 51.266100 -0.000081 -0.137451 -2.026000 0.184065 2.974000 57.026000 1.000000 
-0.026803 51.352700 -0.000106 -0.137438 -2.082000 0.174004 2.918000 57.082000 1.000000 
-0.080540 74.203100 -0.000270 -0.070411 -21.903000 0.099791 36.903000 23.097000 1.000000 
-0.082394 69.688500 -0.000389 -0.069709 -16.189000 0.088096 31.189000 28.811000 1.000000 
-0.051626 66.710400 -0.000304 -0.102642 0.443000 0.111182 5.443000 54.557000 1.000000 
-0.054850 61.199100 -0.000296 -0.101117 1.627000 0.087405 6.627000 53.373000 1.000000 
-0.041559 65.399400 -0.000158 -0.121963 -0.342000 0.135349 4.658000 55.342000 1.000000 
-0.041254 55.177900 -0.000213 -0.121802 -1.124000 0.169264 3.876000 56.124000 1.000000 
-0.068158 66.667300 -0.000437 -0.124092 -0.217000 0.134089 4.783000 55.217000 1.000000 
-0.112984 70.558900 -0.000274 -0.073785 -32.886000 0.092086 47.886000 12.114000 1.000000 
-0.035986 67.008600 -0.000043 -0.083341 -0.946000 0.119834 4.054000 55.946000 1.000000 
-0.054818 72.180600 -0.000216 -0.046152 -37.983000 0.079829 52.983000 7.017000 1.000000 
-0.053551 72.365800 -0.000274 -0.056095 -15.276000 0.070296 30.276000 29.724000 1.000000 
-0.047273 71.635200 -0.000155 -0.039939 -24.144000 0.023657 39.144000 20.856000 1.000000 
-0.054083 72.706800 -0.000271 -0.046945 -12.639000 0.031539 27.639000 32.361000 1.000000 
-0.088438 73.497100 -0.000160 -0.060543 -33.237000 0.025002 48.237000 11.763000 1.000000 
-0.040893 69.050100 -0.000230 -0.057199 1.565000 0.091355 6.565000 53.435000 1.000000 
-0.045111 67.048500 -0.000243 -0.065504 0.993000 0.101075 5.993000 54.007000 1.000000 
-0.038529 64.894000 -0.000103 -0.065368 -0.205000 0.122439 4.795000 55.205000 1.000000 
-0.072844 74.477500 -0.000373 -0.072057 -19.884000 0.097948 34.884000 25.116000 1.000000 
-0.078459 74.634600 -0.000274 -0.072711 -34.879000 0.096603 49.879000 10.121000 1.000000 
-0.047370 64.222300 -0.000138 -0.083377 -0.699000 0.143404 4.301000 55.699000 1.000000 
-0.041638 60.765200 -0.000192 -0.114323 0.194000 0.140633 5.194000 54.806000 1.000000 
-0.022386 46.303300 -0.000065 -0.148818 -1.326000 0.206886 3.674000 56.326000 1.000000 
-0.057151 71.957300 -0.000247 -0.040081 -21.131000 0.065960 36.131000 23.869000 1.000000 
-0.057398 741.688000 -0.002280 -0.063800 -10.833000 -0.088984 -5.833000 65.833000 -1.000000 
-0.145825 74.638500 -0.000447 -0.143389 -49.973000 0.097794 64.973000 -4.973000 1.000000 
-0.055161 75.367300 -0.000242 -0.101373 1.019000 0.107519 6.019000 53.981000 1.000000 
-0.033075 96.456100 -0.002760 -0.088693 4.330000 0.086765 10.670000 49.330000 -1.000000 
-0.097627 74.531100 -0.000665 -0.115365 -22.902000 0.091753 37.902000 22.098000 1.000000 
-0.191372 40.966200 -0.000828 -0.110276 -283.520000 0.093201 298.520000 -238.520000 1.000000 
-0.195457 61.346800 -0.000072 -0.134358 -134.805000 -0.003430 149.805000 -89.805000 1.000000 
-0.034170 59.571900 -0.004440 -0.109483 2.835000 0.150538 12.165000 47.835000 -1.000000 
-0.020994 59.160600 -0.001320 -0.094638 -6.876000 0.142064 21.876000 38.124000 -1.000000 
-0.042782 74.407000 -0.001118 -0.088822 3.071000 0.125195 8.071000 51.929000 1.000000 
-0.152184 75.259200 -0.013680 -0.103263 -67.694000 0.056628 82.694000 -22.694000 -1.000000 
-0.015294 42.755100 -0.002160 -0.106502 0.319000 0.228038 14.681000 45.319000 -1.000000 
-0.148094 71.458100 -0.012720 -0.078431 -79.495000 0.074873 94.495000 -34.495000 -1.000000 
-0.177852 68.213500 -0.000573 -0.099579 -39.812000 0.105070 54.812000 5.188000 1.000000 
-0.175560 71.576100 -0.015840 -0.095592 -88.328000 0.061935 103.328000 -43.328000 -1.000000 
-0.019076 22.240700 -0.000008 -0.059629 -0.221000 0.420714 4.779000 55.221000 1.000000 
-0.108526 80.806700 -0.009600 -0.115587 -1.114000 0.077502 16.114000 43.886000 -1.000000 
-0.152219 62.989900 -0.013080 -0.092031 -103.651000 0.110063 118.651000 -58.651000 -1.000000 
-0.133404 72.738300 -0.000951 -0.109653 -22.820000 -0.024749 37.820000 22.180000 1.000000 
-0.090081 56.312700 -0.006480 -0.113507 -56.042000 0.125613 71.042000 -11.042000 -1.000000 
-0.184813 70.541100 -0.015960 -0.116876 -55.243000 0.043857 70.243000 -10.243000 -1.000000 
-0.127232 68.712900 -0.011280 -0.091400 -52.014000 0.071442 67.014000 -7.014000 -1.000000 
-0.127458 73.657600 -0.000668 -0.100665 -22.805000 -0.012702 37.805000 22.195000 1.000000 
-0.086012 77.892500 -0.001686 -0.056384 -11.014000 0.032310 26.014000 33.986000 1.000000 
-0.103583 69.383500 -0.000244 -0.105166 -1.261000 0.104501 3.739000 56.261000 1.000000 
-0.027675 44.529100 -0.000110 -0.078482 -1.028000 0.229203 3.972000 56.028000 1.000000 
-0.156806 70.872800 -0.012720 -0.075343 -95.729000 -0.050175 110.729000 -50.729000 -1.000000 
-0.021131 23.662300 -0.001320 -0.111074 3.587000 0.343241 11.413000 48.587000 -1.000000 
-0.181364 75.205700 -0.000225 -0.121278 -75.531000 0.058150 90.531000 -30.531000 1.000000 
-0.173785 69.556700 -0.000878 -0.087819 -139.715000 0.074871 154.715000 -94.715000 1.000000 
-0.149935 67.936400 -0.012720 -0.075245 -87.194000 0.065488 102.194000 -42.194000 -1.000000 
-0.089769 56.110900 -0.006840 -0.104918 -44.594000 0.122609 59.594000 0.406000 -1.000000 
-0.103737 69.373900 -0.000237 -0.131213 -1.348000 0.121058 3.652000 56.348000 1.000000 
-0.025001 47.639000 -0.002760 -0.068076 3.741000 0.196161 11.259000 48.741000 -1.000000 
-0.032648 18.032200 -0.002640 -0.084189 -26.662000 0.150888 -21.662000 81.662000 -1.000000 
-0.179539 68.177500 -0.000530 -0.099916 -41.564000 0.099189 56.564000 3.436000 1.000000 
-0.192034 62.465900 -0.000273 -0.076882 -98.051000 0.055983 113.051000 -53.051000 1.000000 
-0.012093 28.827200 -0.000039 -0.079609 -0.387000 0.298595 4.613000 55.387000 1.000000 
-0.133400 72.465000 -0.000473 -0.131548 -52.670000 0.003201 67.670000 -7.670000 1.000000 
-0.032974 63.160600 -0.000060 -0.096235 -1.906000 0.152823 3.094000 56.906000 1.000000 
-0.090771 61.299700 -0.006840 -0.112164 -42.553000 0.112086 57.553000 2.447000 -1.000000 
-0.144410 71.431600 -0.000428 -0.139615 -49.972000 0.099772 64.972000 -4.972000 1.000000 
-0.015921 45.863400 -0.001320 -0.105559 -18.031000 0.096257 -13.031000 73.031000 -1.000000 
-0.019713 27.364300 -0.000014 -0.059530 -1.180000 0.352214 3.820000 56.180000 1.000000 
-0.055647 74.614700 -0.000446 -0.101588 2.254000 0.110122 7.254000 52.746000 1.000000 
-0.084713 78.566800 -0.000280 -0.056908 -16.208000 0.035446 31.208000 28.792000 1.000000 
-0.197719 59.443800 -0.000161 -0.133885 -133.286000 0.006557 148.286000 -88.286000 1.000000 
-0.149795 69.982600 -0.013080 -0.092552 -84.888000 0.101015 99.888000 -39.888000 -1.000000 
-0.182364 75.394800 -0.015840 -0.132911 -55.806000 0.064309 70.806000 -10.806000 -1.000000 
-0.055418 67.408400 -0.000348 -0.086614 -0.354000 0.117937 4.646000 55.354000 1.000000 
-0.018515 31.422100 -0.002160 -0.112844 1.463000 0.323649 13.537000 46.463000 -1.000000 
-0.012938 33.150500 -0.001320 -0.100920 -10.657000 0.218366 -5.657000 65.657000 -1.000000 
-0.128701 69.840400 -0.000682 -0.091389 -51.945000 0.068433 66.945000 -6.945000 1.000000 
-0.043290 114.744000 -0.002280 -0.063947 -9.534000 0.000942 -4.534000 64.534000 -1.000000 
-0.092870 52.685300 -0.006480 -0.112965 -53.697000 0.110787 68.697000 -8.697000 -1.000000 
-0.026972 43.927000 -0.000115 -0.078475 -1.074000 0.220615 3.926000 56.074000 1.000000 
-0.096432 77.094700 -0.002199 -0.058259 -30.283000 0.027236 45.283000 14.717000 1.000000 
-0.052900 74.070200 -0.001296 -0.111656 2.853000 0.098770 7.853000 52.147000 1.000000 
-0.105755 66.718600 -0.000258 -0.118569 -1.638000 0.132620 3.362000 56.638000 1.000000 
-0.019149 26.835900 -0.000075 -0.078807 2.944000 0.342862 7.944000 52.056000 1.000000 
-0.159018 63.023600 -0.000349 -0.125013 -186.244000 0.091441 201.244000 -141.244000 1.000000 
-0.025740 60.645700 -0.000168 -0.069262 3.611000 0.149629 8.611000 51.389000 1.000000 
-0.122074 69.565200 -0.000384 -0.108131 -120.952000 0.090315 135.952000 -75.952000 1.000000 
-0.017477 48.040800 -0.000116 -0.112869 -2.345000 0.150160 2.655000 57.345000 1.000000 
-0.025112 -32.856100 -0.001320 -0.087910 -50.628000 -0.468007 65.628000 -5.628000 -1.000000 
-0.025945 45.294700 -0.000104 -0.078546 -0.549000 0.220267 4.451000 55.549000 1.000000 
-0.109123 78.936400 -0.009600 -0.115329 0.135000 0.077487 14.865000 45.135000 -1.000000 
-0.055427 75.407500 -0.000238 -0.101371 1.007000 0.104781 6.007000 53.993000 1.000000 
-0.011554 28.909200 -0.001200 -0.080423 -6.843000 0.292605 -1.843000 61.843000 -1.000000 
-0.024406 55.225000 -0.003000 -0.066070 4.579000 0.110015 9.579000 50.421000 -1.000000 
-0.024822 45.277500 -0.002760 -0.093393 -4.668000 0.223783 19.668000 40.332000 -1.000000 
-0.015940 46.600600 -0.002160 -0.104121 4.670000 0.201777 10.330000 49.670000 -1.000000 
-0.019484 30.093600 -0.000131 -0.112764 1.899000 0.334868 13.101000 46.899000 1.000000 
-0.015817 22.663900 -0.000017 -0.078306 -0.621000 0.433619 4.379000 55.621000 1.000000 
-0.072415 6.061870 -0.001320 -0.084353 -49.344000 1.724680 -44.344000 104.344000 -1.000000 
-0.054661 73.947500 -0.000446 -0.101619 2.432000 0.110321 7.432000 52.568000 1.000000 
-0.038349 21.919900 -0.002280 -0.070852 -18.025000 0.246626 -13.025000 73.025000 -1.000000 
-0.060268 79.524300 -0.001512 -0.095013 1.919000 0.092491 6.919000 53.081000 1.000000 
-0.056505 67.763600 -0.000291 -0.086570 -0.656000 0.121836 4.344000 55.656000 1.000000 
-0.024276 60.028600 -0.000174 -0.069334 4.236000 0.154253 9.236000 50.764000 1.000000 
-0.103840 69.544800 -0.000088 -0.105162 -1.282000 0.116512 3.718000 56.282000 1.000000 
-0.009501 42.082400 -0.000053 -0.102878 0.395000 0.219406 5.395000 54.605000 1.000000 
-0.027744 43.469800 -0.000096 -0.078405 -1.592000 0.233293 3.408000 56.592000 1.000000 
-0.040551 69.471600 -0.004800 -0.089316 3.768000 0.131985 11.232000 48.768000 -1.000000 
-0.129350 71.163900 -0.000674 -0.100378 -21.170000 -0.016206 36.170000 23.830000 1.000000 
-0.025320 47.337000 -0.000144 -0.078573 -0.353000 0.209001 4.647000 55.353000 1.000000 
-0.018728 22.185500 -0.000009 -0.059538 -1.107000 0.420175 3.893000 56.107000 1.000000 
-0.019076 22.240700 -0.000008 -0.059629 -0.221000 0.420714 4.779000 55.221000 1.000000 
-0.029985 52.268800 -0.002880 -0.069571 3.426000 0.174024 8.426000 51.574000 -1.000000 
-0.058272 81.292800 -0.000273 -0.101465 1.550000 0.092825 6.550000 53.450000 1.000000 
-0.019342 25.854700 -0.000333 -0.105290 -0.357000 0.362204 4.643000 55.357000 1.000000 
-0.014506 42.691700 -0.002160 -0.082015 -1.573000 0.227289 16.573000 43.427000 -1.000000 
-0.015963 22.789700 -0.000010 -0.091375 -0.651000 0.426177 4.349000 55.651000 1.000000 
-0.022579 23.155300 -0.001320 -0.071057 -53.447000 0.072124 -48.447000 108.447000 -1.000000 
-0.057885 64.866800 -0.000449 -0.092861 0.945000 0.118837 5.945000 54.055000 1.000000 
-0.100496 70.478400 -0.000224 -0.120464 -1.183000 0.118089 3.817000 56.183000 1.000000 
-0.057329 76.889000 -0.000465 -0.112807 2.339000 0.114710 7.339000 52.661000 1.000000 
-0.041594 78.931500 -0.000281 -0.080068 2.993000 0.105364 7.993000 52.007000 1.000000 
-0.055520 74.182100 -0.000450 -0.101649 2.602000 0.108614 7.602000 52.398000 1.000000 
-0.017355 23.356400 -0.000075 -0.077963 -3.090000 0.400678 1.910000 58.090000 1.000000 
-0.055026 63.999700 -0.000174 -0.101277 0.466000 0.132142 5.466000 54.534000 1.000000 
-0.022770 70.020600 -0.000492 -0.069105 2.233000 0.138399 7.233000 52.767000 1.000000 
-0.054852 74.974500 -0.000438 -0.104950 1.867000 0.108035 6.867000 53.133000 1.000000 
-0.055427 75.407500 -0.000238 -0.101371 1.007000 0.104781 6.007000 53.993000 1.000000 
-0.040619 75.478400 -0.000216 -0.126381 -0.529000 0.119861 4.471000 55.529000 1.000000 
-0.070564 66.820700 -0.007560 -0.073818 3.446000 0.083723 11.554000 48.446000 -1.000000 
-0.020099 50.467300 -0.000174 -0.077498 3.531000 0.138547 8.531000 51.469000 1.000000 
-0.017731 24.878600 -0.001200 -0.067944 -28.154000 0.108489 -23.154000 83.154000 -1.000000 
-0.057140 62.399000 -0.000433 -0.092781 0.437000 0.120164 5.437000 54.563000 1.000000 
-0.017792 23.588000 -0.000009 -0.059514 -1.336000 0.408599 3.664000 56.336000 1.000000 
-0.023357 57.036100 -0.000170 -0.070702 3.224000 0.156453 8.224000 51.776000 1.000000 
-0.060402 65.583600 -0.000463 -0.091415 1.476000 0.111426 6.476000 53.524000 1.000000 
-0.058008 62.108000 -0.000200 -0.101488 -1.277000 0.138214 3.723000 56.277000 1.000000 
-0.029295 38.290900 -0.001320 -0.085308 -28.456000 -0.044639 -23.456000 83.456000 -1.000000 
-0.045537 79.367500 -0.005640 -0.133019 -1.345000 0.097873 3.655000 56.345000 -1.000000 
-0.009306 48.311100 -0.000068 -0.088716 1.115000 0.206552 6.115000 53.885000 1.000000 
-0.023301 43.652900 -0.000167 -0.079715 2.834000 0.222641 7.834000 52.166000 1.000000 
-0.015348 20.030000 -0.001320 -0.092324 -9.731000 0.488664 -4.731000 64.731000 -1.000000 
-0.057664 62.820500 -0.000437 -0.108938 0.674000 0.121145 5.674000 54.326000 1.000000 
-0.055708 75.398700 -0.000257 -0.085100 0.982000 0.102370 5.982000 54.018000 1.000000 
-0.018012 21.845800 -0.000009 -0.062321 -1.052000 0.434395 3.948000 56.052000 1.000000 
-0.057441 74.911100 -0.001463 -0.095275 1.429000 0.100999 6.429000 53.571000 1.000000 
-0.027491 47.578200 -0.000066 -0.095650 -1.288000 0.211683 3.712000 56.288000 1.000000 
-0.083733 74.681900 -0.001705 -0.084040 -13.364000 0.103194 28.364000 31.636000 1.000000 
-0.053444 60.978000 -0.000197 -0.112373 0.890000 0.141022 5.890000 54.110000 1.000000 
-0.059990 76.023400 -0.000452 -0.081711 1.235000 0.090234 6.235000 53.765000 1.000000 
-0.082878 76.497100 -0.001867 -0.099943 -7.662000 0.109804 22.662000 37.338000 1.000000 
-0.032792 46.514400 -0.002880 -0.072312 4.184000 0.044083 9.184000 50.816000 -1.000000 
-0.058704 63.773400 -0.000429 -0.092832 0.763000 0.119131 5.763000 54.237000 1.000000 
-0.055067 75.011700 -0.000442 -0.104955 1.891000 0.107996 6.891000 53.109000 1.000000 
-0.009021 49.022500 -0.000063 -0.095469 0.516000 0.202653 5.516000 54.484000 1.000000 
-0.026598 57.934200 -0.002880 -0.062907 4.068000 0.165554 10.932000 49.068000 -1.000000 
-0.023260 43.584900 -0.000171 -0.079780 3.328000 0.233668 8.328000 51.672000 1.000000 
-0.055365 76.218500 -0.000242 -0.101391 1.123000 0.104140 6.123000 53.877000 1.000000 
-0.021193 59.201900 -0.003000 -0.082508 3.999000 0.155073 8.999000 51.001000 -1.000000 
-0.077010 63.591200 -0.007560 -0.084923 4.350000 0.119390 10.650000 49.350000 -1.000000 
-0.041491 74.795000 -0.000914 -0.090671 1.499000 0.127099 6.499000 53.501000 1.000000 
-0.059565 64.636800 -0.000467 -0.091478 1.883000 0.104727 6.883000 53.117000 1.000000 
-0.044731 73.615300 -0.000320 -0.118211 1.296000 0.112062 6.296000 53.704000 1.000000 
-0.025857 57.256500 -0.002880 -0.064366 4.352000 0.156143 10.648000 49.352000 -1.000000 
-0.084563 66.191300 -0.007560 -0.113823 -12.582000 0.120935 27.582000 32.418000 -1.000000 
-0.014106 52.447400 -0.000065 -0.102830 -0.433000 0.182543 4.567000 55.433000 1.000000 
-0.036130 341.253000 -0.002880 -0.086838 4.271000 -0.030984 9.271000 50.729000 -1.000000 
-0.053005 76.206600 -0.001296 -0.091396 2.916000 0.094444 7.916000 52.084000 1.000000 
-0.055357 75.171700 -0.000450 -0.101650 2.611000 0.108591 7.611000 52.389000 1.000000 
-0.055972 75.433000 -0.000242 -0.101387 1.096000 0.102391 6.096000 53.904000 1.000000 
-0.060021 80.128400 -0.001523 -0.095015 1.936000 0.091700 6.936000 53.064000 1.000000 
-0.059641 64.964300 -0.000463 -0.091417 1.491000 0.112561 6.491000 53.509000 1.000000 
-0.052835 74.775700 -0.001333 -0.111676 2.957000 0.099394 7.957000 52.043000 1.000000 
-0.058245 75.451500 -0.000295 -0.098061 1.687000 0.101975 6.687000 53.313000 1.000000 
-0.055647 74.614700 -0.000446 -0.101588 2.254000 0.110122 7.254000 52.746000 1.000000 
-0.041819 78.769700 -0.000278 -0.080081 3.086000 0.104237 8.086000 51.914000 1.000000 
-0.057223 80.750000 -0.000453 -0.098158 2.264000 0.095425 7.264000 52.736000 1.000000 
-0.053163 73.795000 -0.000340 -0.111702 3.095000 0.096890 8.095000 51.905000 1.000000 
-0.056032 75.176000 -0.000446 -0.101604 2.344000 0.108968 7.344000 52.656000 1.000000 
-0.057460 80.828500 -0.000280 -0.101474 1.597000 0.090316 6.597000 53.403000 1.000000 
-0.009453 43.802600 -0.000050 -0.102704 -0.574000 0.215712 4.426000 55.574000 1.000000 
-0.024598 17.834400 -0.000080 -0.078191 -1.443000 0.522632 3.557000 56.443000 1.000000 
-0.052860 73.916100 -0.001348 -0.111717 3.173000 0.126135 8.173000 51.827000 1.000000 
-0.042679 74.716800 -0.001106 -0.088805 2.962000 0.102588 7.962000 52.038000 1.000000 
-0.060401 80.129900 -0.001580 -0.095015 1.936000 0.091431 6.936000 53.064000 1.000000 
-0.054166 75.069900 -0.000438 -0.104939 1.804000 0.109920 6.804000 53.196000 1.000000 
-0.053081 74.677100 -0.000973 -0.115086 2.827000 0.099952 7.827000 52.173000 1.000000 
-0.041658 157.740000 -0.002880 -0.069244 3.447000 -0.013504 8.447000 51.553000 -1.000000 
-0.060209 80.142400 -0.001546 -0.095022 1.977000 0.090375 6.977000 53.023000 1.000000 
-0.053087 73.636400 -0.000340 -0.111699 3.080000 0.099924 8.080000 51.920000 1.000000 
-0.053641 79.318000 -0.000380 -0.133394 0.268000 0.116953 5.268000 54.732000 1.000000 
-0.044309 73.748100 -0.000311 -0.096813 0.698000 0.115593 5.698000 54.302000 1.000000 
-0.056411 74.938300 -0.000431 -0.101430 1.347000 0.113541 6.347000 53.653000 1.000000 
-0.053251 75.782800 -0.000613 -0.111721 3.193000 0.094875 8.193000 51.807000 1.000000 
-0.057733 63.661700 -0.000433 -0.092808 0.608000 0.119099 5.608000 54.392000 1.000000 
-0.055604 74.644800 -0.000446 -0.101610 2.378000 0.110287 7.378000 52.622000 1.000000 
-0.054979 62.829300 -0.000445 -0.112365 0.851000 0.133329 5.851000 54.149000 1.000000 
-0.058505 74.840300 -0.000438 -0.080618 2.004000 0.103023 7.004000 52.996000 1.000000 
-0.023294 56.459500 -0.000164 -0.079060 2.863000 0.169323 7.863000 52.137000 1.000000 
-0.069212 64.777100 -0.007560 -0.099331 4.080000 0.112927 9.080000 50.920000 -1.000000 
-0.057725 59.752900 -0.000406 -0.092724 0.079000 0.131267 5.079000 54.921000 1.000000 
-0.057685 77.186900 -0.001399 -0.095297 1.558000 0.099135 6.558000 53.442000 1.000000 
-0.053586 73.199300 -0.000374 -0.116175 -0.324000 0.123371 4.676000 55.324000 1.000000 
-0.061393 64.796600 -0.000468 -0.081190 2.490000 0.105107 7.490000 52.510000 1.000000 
-0.019610 31.865000 -0.000131 -0.112714 2.171000 0.317672 12.829000 47.171000 1.000000 
-0.023658 43.031400 -0.000168 -0.079704 2.754000 0.226442 7.754000 52.246000 1.000000 
-0.054660 74.927100 -0.000454 -0.092779 2.974000 0.107342 7.974000 52.026000 1.000000 
-0.059218 62.855400 -0.000441 -0.092882 1.080000 0.112468 6.080000 53.920000 1.000000 
-0.056261 74.600700 -0.000442 -0.101588 2.256000 0.110336 7.256000 52.744000 1.000000 
-0.044201 75.833600 -0.000328 -0.118238 1.430000 0.108453 6.430000 53.570000 1.000000 
-0.073441 77.480500 -0.001824 -0.111253 4.339000 0.114338 9.339000 50.661000 1.000000 
-0.053903 80.381600 -0.000088 -0.102954 -0.016000 0.103634 4.984000 55.016000 1.000000 
-0.055180 61.311700 -0.000193 -0.112327 0.650000 0.133398 5.650000 54.350000 1.000000 
-0.032262 65.691400 -0.001320 -0.080732 -6.223000 0.048374 21.223000 38.777000 -1.000000 
-0.016926 45.302200 -0.000133 -0.090291 0.858000 0.173421 5.858000 54.142000 1.000000 
-0.082315 64.195100 -0.008520 -0.071966 -0.556000 0.080059 15.556000 44.444000 -1.000000 
-0.059200 63.671600 -0.000410 -0.108876 0.336000 0.132446 5.336000 54.664000 1.000000 
-0.021438 43.307600 -0.000173 -0.076711 3.827000 0.229099 8.827000 51.173000 1.000000 
-0.065511 66.801200 -0.007560 -0.102681 -5.927000 0.114255 20.927000 39.073000 -1.000000 
-0.017052 63.504100 -0.000117 -0.068894 0.688000 0.107925 5.688000 54.312000 1.000000 
-0.057640 60.575000 -0.000332 -0.096067 -0.211000 0.132766 4.789000 55.211000 1.000000 
-0.060480 68.391900 -0.000460 -0.092978 1.688000 0.099673 6.688000 53.312000 1.000000 
-0.055137 53.169700 -0.005880 -0.110781 -5.205000 0.117969 20.205000 39.795000 -1.000000 
-0.014636 48.498900 -0.000080 -0.117643 -1.518000 0.179620 3.482000 56.518000 1.000000 
-0.060402 65.583600 -0.000463 -0.091415 1.476000 0.111426 6.476000 53.524000 1.000000 
-0.059471 64.799800 -0.000455 -0.091401 1.386000 0.108233 6.386000 53.614000 1.000000 
-0.058495 64.381700 -0.000445 -0.092891 1.139000 0.108695 6.139000 53.861000 1.000000 
-0.058672 74.890400 -0.000280 -0.098054 1.649000 0.099993 6.649000 53.351000 1.000000 
-0.057768 64.197000 -0.000441 -0.108954 0.759000 0.116700 5.759000 54.241000 1.000000 
-0.053520 74.006900 -0.000965 -0.115059 2.690000 0.096471 7.690000 52.310000 1.000000 
-0.054672 61.471900 -0.000189 -0.115389 0.688000 0.139174 5.688000 54.312000 1.000000 
-0.042859 74.931300 -0.000331 -0.116587 1.743000 0.112051 6.743000 53.257000 1.000000 
-0.058986 65.082800 -0.000452 -0.084500 1.836000 0.112211 6.836000 53.164000 1.000000 
-0.055474 78.958000 -0.000419 -0.130146 1.041000 0.118302 6.041000 53.959000 1.000000 
-0.053022 73.745200 -0.000346 -0.115236 3.583000 0.097455 8.583000 51.417000 1.000000 
-0.054099 60.747100 -0.000193 -0.108964 0.813000 0.138215 5.813000 54.187000 1.000000 
-0.022044 62.400200 -0.002880 -0.101292 2.220000 0.151930 12.780000 47.220000 -1.000000 
-0.052921 76.312900 -0.000968 -0.080566 2.869000 0.094262 7.869000 52.131000 1.000000 
-0.058136 74.534400 -0.000454 -0.118549 2.960000 0.108521 7.960000 52.040000 1.000000 
-0.050336 73.994500 -0.001290 -0.086942 3.003000 0.098117 8.003000 51.997000 1.000000 
-0.053004 59.984200 -0.000185 -0.110619 0.587000 0.143571 5.587000 54.413000 1.000000 
-0.022951 43.259900 -0.000168 -0.083033 3.011000 0.219049 8.011000 51.989000 1.000000 
-0.055499 72.141100 -0.000420 -0.124993 0.965000 0.118749 5.965000 54.035000 1.000000 
-0.052100 77.299500 -0.001310 -0.091456 3.302000 0.118398 8.302000 51.698000 1.000000 
-0.059786 64.339100 -0.000455 -0.109110 1.604000 0.109385 6.604000 53.396000 1.000000 
-0.043428 73.828300 -0.000328 -0.102147 1.529000 0.111999 6.529000 53.471000 1.000000 
-0.021379 51.547100 -0.003000 -0.081066 4.446000 0.137249 10.554000 49.446000 -1.000000 
-0.060014 81.220200 -0.007560 -0.109523 3.429000 0.094897 8.429000 51.571000 -1.000000 
-0.018082 42.869600 -0.000135 -0.090263 0.669000 0.177537 5.669000 54.331000 1.000000 
-0.022475 44.908800 -0.000171 -0.083122 3.664000 0.224462 8.664000 51.336000 1.000000 
-0.023962 42.376600 -0.000168 -0.091219 2.670000 0.234713 7.670000 52.330000 1.000000 
-0.016798 44.030800 -0.000133 -0.078859 1.317000 0.190001 6.317000 53.683000 1.000000 
-0.094493 138.760000 -0.007560 -0.136843 -2.696000 -0.265885 17.696000 42.304000 -1.000000 
-0.057918 76.304100 -0.000465 -0.090847 2.607000 0.096276 7.607000 52.393000 1.000000 
-0.021438 43.307600 -0.000173 -0.076711 3.827000 0.229099 8.827000 51.173000 1.000000 
-0.021438 43.307600 -0.000173 -0.076711 3.827000 0.229099 8.827000 51.173000 1.000000 
-0.057504 60.250800 -0.000187 -0.115220 -0.177000 0.144105 4.823000 55.177000 1.000000 
-0.054412 68.825600 -0.000450 -0.093094 2.422000 0.095208 7.422000 52.578000 1.000000 
-0.057279 62.925300 -0.000355 -0.112142 -0.322000 0.143530 4.678000 55.322000 1.000000 
-0.021516 69.872900 -0.000174 -0.067850 3.672000 0.135525 8.672000 51.328000 1.000000 
-0.053673 78.360700 -0.000376 -0.133371 0.166000 0.119611 5.166000 54.834000 1.000000 
-0.077483 77.181200 -0.001908 -0.107991 4.678000 0.116432 10.322000 49.678000 1.000000 
-0.051894 62.668700 -0.005760 -0.111745 1.682000 0.146491 13.318000 46.682000 -1.000000 
-0.051345 69.035900 -0.000140 -0.111471 0.092000 0.127068 5.092000 54.908000 1.000000 
-0.053918 74.391900 -0.000369 -0.133311 -0.100000 0.122918 4.900000 55.100000 1.000000 
-0.017370 24.289200 -0.000009 -0.078298 -0.677000 0.393030 4.323000 55.677000 1.000000 
-0.052981 74.223800 -0.001302 -0.111655 2.848000 0.099791 7.848000 52.152000 1.000000 
-0.056737 74.331500 -0.000446 -0.118515 2.795000 0.111465 7.795000 52.205000 1.000000 
-0.058106 74.811000 -0.000454 -0.118538 2.909000 0.108615 7.909000 52.091000 1.000000 
-0.022633 69.794400 -0.000585 -0.069136 2.500000 0.137191 7.500000 52.500000 1.000000 
-0.054258 60.924600 -0.000219 -0.115333 0.401000 0.142964 5.401000 54.599000 1.000000 
-0.074054 77.807100 -0.001847 -0.111279 4.478000 0.113857 9.478000 50.522000 1.000000 
-0.023823 42.625200 -0.000174 -0.077226 2.132000 0.232372 12.868000 47.132000 1.000000 
-0.066750 75.415000 -0.000484 -0.118441 2.430000 0.094913 7.430000 52.570000 1.000000 
-0.063991 68.432900 -0.007800 -0.091346 3.842000 0.131789 8.842000 51.158000 -1.000000 
-0.056681 76.320800 -0.000461 -0.112767 2.138000 0.088060 7.138000 52.862000 1.000000 
-0.059589 64.642700 -0.000421 -0.108906 0.502000 0.147252 5.502000 54.498000 1.000000 
-0.053307 78.263700 -0.000365 -0.136811 0.253000 0.107997 5.253000 54.747000 1.000000 
-0.028009 71.074000 -0.000156 -0.087841 2.082000 0.114549 7.082000 52.918000 1.000000 
-0.021079 67.930700 -0.002880 -0.058178 1.607000 0.042694 13.393000 46.607000 -1.000000 
-0.056711 63.156000 -0.000371 -0.112141 -0.330000 0.137052 4.670000 55.330000 1.000000 
-0.055254 78.292900 -0.000411 -0.133570 1.036000 0.105383 6.036000 53.964000 1.000000 
-0.055877 76.000800 -0.000445 -0.132484 1.248000 0.115049 6.248000 53.752000 1.000000 
-0.058345 63.531300 -0.000281 -0.111663 -0.691000 0.138672 4.309000 55.691000 1.000000 
-0.057187 74.949800 -0.000435 -0.130320 1.822000 0.109722 6.822000 53.178000 1.000000 
-0.051779 74.456400 -0.000901 -0.102129 2.301000 0.100554 7.301000 52.699000 1.000000 
-0.021373 40.791600 -0.000145 -0.091257 2.920000 0.253409 7.920000 52.080000 1.000000 
-0.019993 49.795400 -0.000171 -0.077539 3.850000 0.137105 8.850000 51.150000 1.000000 
-0.078797 62.281600 -0.007800 -0.078938 -10.932000 0.092921 25.932000 34.068000 -1.000000 
-0.024503 45.339600 -0.000078 -0.091060 -0.821000 0.212126 4.179000 55.821000 1.000000 
-0.057181 71.543600 -0.000396 -0.129975 0.272000 0.111243 5.272000 54.728000 1.000000 
-0.059763 65.272900 -0.000471 -0.091464 1.788000 0.105727 6.788000 53.212000 1.000000 
-0.052915 58.466600 -0.000215 -0.136529 -0.957000 0.151614 4.043000 55.957000 1.000000 
-0.015549 56.361300 -0.002160 -0.113126 -0.058000 0.166243 15.058000 44.942000 -1.000000 
-0.024160 61.730100 -0.002880 -0.073845 3.970000 0.119505 11.030000 48.970000 -1.000000 
-0.020298 50.778700 -0.002880 -0.073251 3.863000 0.127712 8.863000 51.137000 -1.000000 
-0.050167 67.495500 -0.005760 -0.112282 3.902000 0.136563 11.098000 48.902000 -1.000000 
-0.054217 80.551000 -0.000384 -0.133444 0.485000 0.096300 5.485000 54.515000 1.000000 
-0.049796 62.504700 -0.005760 -0.078877 -4.133000 0.012922 19.133000 40.867000 -1.000000 
-0.034097 68.865000 -0.000181 -0.111201 0.473000 0.128323 5.473000 54.527000 1.000000 
-0.053123 74.242700 -0.000450 -0.107463 2.472000 0.110172 7.472000 52.528000 1.000000 
-0.061765 65.087400 -0.000479 -0.079659 2.495000 0.114552 7.495000 52.505000 1.000000 
-0.017962 48.393800 -0.002640 -0.086553 4.593000 0.208240 9.593000 50.407000 -1.000000 
-0.066105 78.214500 -0.000486 -0.091589 2.596000 0.097015 7.596000 52.404000 1.000000 
-0.017842 19.855500 -0.000072 -0.078268 -0.896000 0.480701 4.104000 55.896000 1.000000 
-0.058109 75.223800 -0.001406 -0.095318 1.690000 0.101582 6.690000 53.310000 1.000000 
-0.055189 68.133300 -0.005760 -0.114991 2.656000 0.106811 12.344000 47.656000 -1.000000 
-0.059480 65.517500 -0.000359 -0.109828 0.451000 0.145997 5.451000 54.549000 1.000000 
-0.057367 77.471100 -0.000446 -0.121878 2.449000 0.102785 7.449000 52.551000 1.000000 
-0.055462 59.972400 -0.000234 -0.111970 0.557000 0.143712 5.557000 54.443000 1.000000 
-0.049365 64.693600 -0.005760 -0.112100 4.840000 0.125198 10.160000 49.840000 -1.000000 
-0.023509 52.768100 -0.000173 -0.091361 3.614000 0.190043 8.614000 51.386000 1.000000 
-0.053081 74.677100 -0.000973 -0.115086 2.827000 0.099952 7.827000 52.173000 1.000000 
-0.053136 74.627000 -0.000962 -0.115070 2.744000 0.098944 7.744000 52.256000 1.000000 
-0.056302 71.437600 -0.000420 -0.124983 0.920000 0.121988 5.920000 54.080000 1.000000 
-0.057483 74.501900 -0.001429 -0.095276 1.435000 0.101186 6.435000 53.565000 1.000000 
-0.019610 31.865000 -0.000131 -0.112714 2.171000 0.317672 12.829000 47.171000 1.000000 
-0.019484 30.093600 -0.000131 -0.112764 1.899000 0.334868 13.101000 46.899000 1.000000 
-0.024118 55.835800 -0.002880 -0.090589 2.721000 0.139845 12.279000 47.721000 -1.000000 
-0.073271 79.771000 -0.001866 -0.089610 4.705000 0.110676 9.705000 50.295000 1.000000 
-0.057725 59.752900 -0.000406 -0.092724 0.079000 0.131267 5.079000 54.921000 1.000000 
-0.060480 68.391900 -0.000460 -0.092978 1.688000 0.099673 6.688000 53.312000 1.000000 
-0.079657 66.007500 -0.007680 -0.127224 -2.627000 0.047605 17.627000 42.373000 -1.000000 
-0.021612 67.184400 -0.000143 -0.071903 0.878000 0.115460 5.878000 54.122000 1.000000 
-0.067727 69.865100 -0.007560 -0.119228 -4.500000 0.103153 19.500000 40.500000 -1.000000 
-0.025028 43.465600 -0.000118 -0.079470 -0.129000 0.224625 4.871000 55.129000 1.000000 
-0.066750 75.415000 -0.000484 -0.118441 2.430000 0.094913 7.430000 52.570000 1.000000 
-0.058109 75.223800 -0.001406 -0.095318 1.690000 0.101582 6.690000 53.310000 1.000000 
-0.083319 63.245200 -0.007560 -0.097628 -1.808000 0.133108 16.808000 43.192000 -1.000000 
-0.024689 38.673500 -0.000180 -0.126652 -2.172000 0.249063 2.828000 57.172000 1.000000 
-0.054149 60.477600 -0.000389 -0.115345 0.466000 0.159629 5.466000 54.534000 1.000000 
-0.087902 82.459600 -0.001947 -0.109062 -1.016000 0.089716 16.016000 43.984000 1.000000 
-0.059236 60.707200 -0.000398 -0.094405 -0.008000 0.135020 4.992000 55.008000 1.000000 
-0.052241 74.995000 -0.001351 -0.111753 3.362000 0.124143 8.362000 51.638000 1.000000 
-0.019552 31.842700 -0.000131 -0.112699 2.248000 0.311950 12.752000 47.248000 1.000000 
-0.053066 74.796000 -0.001011 -0.115100 2.899000 0.098591 7.899000 52.101000 1.000000 
-0.059333 62.268300 -0.000324 -0.109801 0.304000 0.152842 5.304000 54.696000 1.000000 
-0.058452 77.993300 -0.001459 -0.095332 1.774000 0.093355 6.774000 53.226000 1.000000 
-0.024298 41.898700 -0.000173 -0.083124 3.674000 0.232246 8.674000 51.326000 1.000000 
-0.023707 43.592800 -0.002880 -0.077322 1.380000 0.219246 13.620000 46.380000 -1.000000 
-0.057512 59.630800 -0.000417 -0.092749 0.239000 0.134555 5.239000 54.761000 1.000000 
-0.020119 51.623300 -0.000173 -0.077511 3.632000 0.128270 8.632000 51.368000 1.000000 
-0.074411 62.811200 -0.007560 -0.109081 4.945000 0.121003 9.945000 50.055000 -1.000000 
-0.018456 49.045500 -0.000086 -0.079720 0.438000 0.152934 5.438000 54.562000 1.000000 
-0.080517 68.188800 -0.007800 -0.114822 -8.906000 0.126630 23.906000 36.094000 -1.000000 
-0.039599 74.061200 -0.000338 -0.107470 2.511000 0.128704 7.511000 52.489000 1.000000 
-0.023969 42.913800 -0.000167 -0.091186 2.448000 0.230231 7.448000 52.552000 1.000000 
-0.078340 76.700500 -0.001924 -0.108045 4.388000 0.116148 10.612000 49.388000 1.000000 
-0.023620 64.869600 -0.002880 -0.069373 4.579000 0.144714 9.579000 50.421000 -1.000000 
-0.070073 80.542900 -0.000508 -0.118567 3.050000 0.083497 8.050000 51.950000 1.000000 
-0.018998 29.385200 -0.000123 -0.112678 2.364000 0.351200 12.636000 47.364000 1.000000 
-0.061913 65.251900 -0.000386 -0.109840 0.512000 0.141768 5.512000 54.488000 1.000000 
-0.022753 68.241600 -0.000500 -0.070708 1.868000 0.138726 6.868000 53.132000 1.000000 
-0.018812 32.562000 -0.002160 -0.111218 1.411000 0.311910 13.589000 46.411000 -1.000000 
-0.043029 76.124900 -0.000179 -0.129867 -0.214000 0.114392 4.786000 55.214000 1.000000 
-0.092102 72.348900 -0.000414 -0.107055 -23.879000 0.105439 38.879000 21.121000 1.000000 
-0.053121 75.799100 -0.000388 -0.136824 0.309000 0.110126 5.309000 54.691000 1.000000 
-0.052692 77.054800 -0.001302 -0.111754 3.364000 0.118742 8.364000 51.636000 1.000000 
-0.047036 74.701800 -0.000276 -0.121507 0.673000 0.111412 5.673000 54.327000 1.000000 
-0.023599 68.814800 -0.000602 -0.062613 3.094000 0.139415 8.094000 51.906000 1.000000 
-0.034063 28.261900 -0.002880 -0.110368 2.938000 0.291307 7.938000 52.062000 -1.000000 
-0.051992 74.362100 -0.001348 -0.091816 3.399000 0.122497 8.399000 51.601000 1.000000 
-0.077337 76.938100 -0.001901 -0.107997 4.648000 0.116630 10.352000 49.648000 1.000000 
-0.073958 76.385200 -0.001824 -0.111273 4.445000 0.114909 9.445000 50.555000 1.000000 
-0.073441 77.480500 -0.001824 -0.111253 4.339000 0.114338 9.339000 50.661000 1.000000 
-0.086525 80.998700 -0.007680 -0.109847 -5.115000 0.108097 20.115000 39.885000 -1.000000 
-0.018949 31.035400 -0.000131 -0.120828 2.442000 0.328208 12.558000 47.442000 1.000000 
-0.064671 77.649000 -0.001413 -0.125301 2.405000 0.093034 7.405000 52.595000 1.000000 
-0.053954 76.935000 -0.000351 -0.136711 -0.177000 0.111100 4.823000 55.177000 1.000000 
-0.056797 59.792100 -0.000342 -0.092741 0.186000 0.128075 5.186000 54.814000 1.000000 
-0.038689 218.247000 -0.002880 -0.112426 4.844000 -0.005760 10.156000 49.844000 -1.000000 
-0.072165 77.167900 -0.001812 -0.089572 4.461000 0.111574 9.461000 50.539000 1.000000 
-0.049332 57.162000 -0.005760 -0.115161 3.208000 0.144518 8.208000 51.792000 -1.000000 
-0.023627 62.447100 -0.002880 -0.083237 4.499000 0.153298 9.499000 50.501000 -1.000000 
-0.015387 25.664600 -0.000073 -0.075331 0.691000 0.385112 5.691000 54.309000 1.000000 
-0.028036 46.315300 -0.000140 -0.089800 -1.249000 0.194787 3.751000 56.249000 1.000000 
-0.045575 -109.778000 -0.002880 -0.084842 -2.418000 -0.214452 17.418000 42.582000 -1.000000 
-0.068347 80.728200 -0.000493 -0.103742 2.787000 0.082778 7.787000 52.213000 1.000000 
-0.065020 77.119700 -0.001332 -0.125256 2.194000 0.092654 7.194000 52.806000 1.000000 
-0.021902 69.991600 -0.000497 -0.070742 2.161000 0.138889 7.161000 52.839000 1.000000 
-0.061203 64.781100 -0.000475 -0.079618 2.194000 0.117312 7.194000 52.806000 1.000000 
-0.057385 59.926700 -0.000394 -0.092765 0.341000 0.126374 5.341000 54.659000 1.000000 
-0.043849 75.559000 -0.000311 -0.123270 0.918000 0.118108 5.918000 54.082000 1.000000 
-0.082446 68.295100 -0.007680 -0.116184 -6.935000 0.105744 21.935000 38.065000 -1.000000 
-0.057821 72.817100 -0.001312 -0.095292 1.529000 0.106389 6.529000 53.471000 1.000000 
-0.052298 77.348400 -0.001109 -0.115144 3.119000 0.094311 8.119000 51.881000 1.000000 
-0.057031 77.803100 -0.000372 -0.135179 0.590000 0.119143 5.590000 54.410000 1.000000 
-0.053243 76.344200 -0.001028 -0.109967 3.008000 0.094426 8.008000 51.992000 1.000000 
-0.018856 31.978600 -0.000130 -0.120728 2.948000 0.302590 12.052000 47.948000 1.000000 
-0.014502 25.673400 -0.000075 -0.075120 -1.023000 0.363882 3.977000 56.023000 1.000000 
-0.082746 76.430100 -0.007560 -0.105730 -7.926000 0.108783 22.926000 37.074000 -1.000000 
-0.021702 39.464400 -0.000101 -0.082127 0.667000 0.257742 5.667000 54.333000 1.000000 
-0.033097 75.810300 -0.000173 -0.115137 2.031000 0.090449 7.031000 52.969000 1.000000 
-0.068495 76.762600 -0.001624 -0.091793 3.256000 0.088248 8.256000 51.744000 1.000000 
-0.055831 61.416200 -0.007560 -0.097753 4.850000 0.128113 9.850000 50.150000 -1.000000 
-0.058767 74.174300 -0.000410 -0.090766 -0.019000 0.101889 4.981000 55.019000 1.000000 
-0.027078 51.487800 -0.003000 -0.085127 3.805000 0.195411 11.195000 48.805000 -1.000000 
-0.073559 76.797400 -0.001712 -0.102686 4.587000 0.095129 9.587000 50.413000 1.000000 
-0.059423 61.849700 -0.000332 -0.116278 0.195000 0.152643 5.195000 54.805000 1.000000 
-0.020118 51.554700 -0.000173 -0.071272 3.868000 0.135279 8.868000 51.132000 1.000000 
-0.064671 77.649000 -0.001413 -0.125301 2.405000 0.093034 7.405000 52.595000 1.000000 
-0.055254 78.292900 -0.000411 -0.133570 1.036000 0.105383 6.036000 53.964000 1.000000 
-0.058526 60.439400 -0.000324 -0.109783 0.212000 0.161083 5.212000 54.788000 1.000000 
-0.061890 64.357600 -0.000475 -0.079655 2.465000 0.116063 7.465000 52.535000 1.000000 
-0.035324 96.738900 -0.002160 -0.116157 0.149000 0.046878 5.149000 54.851000 -1.000000 
-0.074180 76.635500 -0.001847 -0.111290 4.536000 0.056343 9.536000 50.464000 1.000000 
-0.048849 65.363500 -0.005760 -0.112124 4.715000 0.131444 10.285000 49.715000 -1.000000 
-0.023398 64.997300 -0.002880 -0.091510 4.600000 0.149139 9.600000 50.400000 -1.000000 
-0.025983 66.982600 -0.003000 -0.063110 2.120000 0.132967 12.880000 47.120000 -1.000000 
-0.057411 60.685800 -0.000359 -0.109850 0.566000 0.154832 5.566000 54.434000 1.000000 
-0.056943 71.739900 -0.000450 -0.124223 2.348000 0.118293 7.348000 52.652000 1.000000 
-0.021492 40.492700 -0.000069 -0.082647 -0.620000 0.247429 4.380000 55.620000 1.000000 
-0.084486 59.519900 -0.008160 -0.129326 -6.872000 0.081123 21.872000 38.128000 -1.000000 
-0.020796 30.053100 -0.000056 -0.085804 -0.881000 0.338539 4.119000 55.881000 1.000000 
-0.061545 65.410200 -0.000479 -0.086136 2.560000 0.115658 7.560000 52.440000 1.000000 
-0.019815 50.107200 -0.000174 -0.071264 3.801000 0.140396 8.801000 51.199000 1.000000 
-0.074940 62.026500 -0.007800 -0.113077 1.360000 0.148320 13.640000 46.360000 -1.000000 
-0.026960 45.113800 -0.000163 -0.094395 -1.895000 0.202113 3.105000 56.895000 1.000000 
-0.054327 78.870200 -0.000357 -0.136796 0.188000 0.107312 5.188000 54.812000 1.000000 
-0.064664 60.316600 -0.000416 -0.103850 2.616000 0.123797 7.616000 52.384000 1.000000 
-0.019350 29.741100 -0.000130 -0.120663 3.276000 0.321079 11.724000 48.276000 1.000000 
-0.057007 78.186400 -0.000433 -0.133559 0.989000 0.102489 5.989000 54.011000 1.000000 
-0.058403 77.034300 -0.000380 -0.129986 0.323000 0.115318 5.323000 54.677000 1.000000 
-0.056873 59.344900 -0.000328 -0.116283 0.218000 0.159034 5.218000 54.782000 1.000000 
-0.061167 65.218900 -0.000382 -0.108652 0.564000 0.144886 5.564000 54.436000 1.000000 
-0.058931 61.012300 -0.000320 -0.108763 0.244000 0.155115 5.244000 54.756000 1.000000 
-0.050998 65.101700 -0.005760 -0.115275 3.783000 0.126610 8.783000 51.217000 -1.000000 
-0.019826 50.285100 -0.000049 -0.083329 -0.828000 0.194189 4.172000 55.828000 1.000000 
-0.095291 71.089500 -0.000584 -0.107692 -14.996000 0.110573 29.996000 30.004000 1.000000 
-0.025409 36.382200 -0.002280 -0.087166 2.203000 0.255016 7.203000 52.797000 -1.000000 
-0.058230 60.757900 -0.000304 -0.109700 -0.233000 0.160171 4.767000 55.233000 1.000000 
-0.073945 76.638400 -0.001259 -0.121026 3.348000 0.085182 8.348000 51.652000 1.000000 
-0.059100 77.454900 -0.000461 -0.120816 2.331000 0.070115 7.331000 52.669000 1.000000 
-0.067007 64.406600 -0.007920 -0.069897 2.996000 0.105237 12.004000 47.996000 -1.000000 
-0.058855 60.401700 -0.000296 -0.116240 0.004000 0.157162 5.004000 54.996000 1.000000 
-0.078622 76.215700 -0.001932 -0.108038 4.426000 0.114912 10.574000 49.426000 1.000000 
-0.024495 40.210800 -0.000112 -0.082085 0.365000 0.248866 5.365000 54.635000 1.000000 
-0.050521 74.810000 -0.001277 -0.091732 2.868000 0.123907 7.868000 52.132000 1.000000 
-0.056416 61.670100 -0.006720 -0.086153 4.993000 0.132525 9.993000 50.007000 -1.000000 
-0.015311 54.469600 -0.000096 -0.095045 0.011000 0.181164 5.011000 54.989000 1.000000 
-0.060537 64.051800 -0.007680 -0.127053 2.566000 0.125380 7.566000 52.434000 -1.000000 
-0.069322 75.227400 -0.007560 -0.104089 3.961000 0.088236 8.961000 51.039000 -1.000000 
-0.083070 76.271500 -0.001833 -0.094537 -11.869000 0.107840 26.869000 33.131000 1.000000 
-0.022110 68.046200 -0.000144 -0.071897 0.829000 0.103289 5.829000 54.171000 1.000000 
-0.022741 41.931700 -0.000140 -0.100336 1.975000 0.206467 6.975000 53.025000 1.000000 
-0.077888 76.643900 -0.001905 -0.087273 4.787000 0.114547 10.213000 49.787000 1.000000 
-0.020222 31.250900 -0.000131 -0.112739 2.034000 0.323131 12.966000 47.034000 1.000000 
-0.086352 79.724700 -0.001862 -0.109281 -11.318000 0.107417 26.318000 33.682000 1.000000 
-0.065368 77.704900 -0.001582 -0.112675 2.793000 0.054047 7.793000 52.207000 1.000000 
-0.023228 53.126700 -0.000173 -0.091390 3.804000 0.187665 8.804000 51.196000 1.000000 
-0.064891 76.634100 -0.001390 -0.125263 2.228000 0.095255 7.228000 52.772000 1.000000 
-0.063213 77.683200 -0.001270 -0.125260 2.212000 0.092393 7.212000 52.788000 1.000000 
-0.055807 71.470000 -0.000416 -0.121546 0.858000 0.122586 5.858000 54.142000 1.000000 
-0.019043 32.431700 -0.000131 -0.120809 2.536000 0.312403 12.464000 47.536000 1.000000 
-0.025764 44.063300 -0.000187 -0.091400 3.876000 0.225605 8.876000 51.124000 1.000000 
-0.059446 65.209400 -0.000457 -0.086043 1.920000 0.115266 6.920000 53.080000 1.000000 
-0.073582 76.393900 -0.001766 -0.111171 3.915000 0.052543 8.915000 51.085000 1.000000 
-0.053964 78.071200 -0.000384 -0.136860 0.460000 0.103092 5.460000 54.540000 1.000000 
-0.060398 74.966800 -0.001671 -0.097358 2.478000 0.097021 7.478000 52.522000 1.000000 
-0.021684 38.340600 -0.000071 -0.077978 0.221000 0.264239 5.221000 54.779000 1.000000 
-0.054606 73.763400 -0.000457 -0.095572 3.239000 0.109784 8.239000 51.761000 1.000000 
-0.062944 65.903900 -0.007920 -0.086204 3.022000 0.108852 8.022000 51.978000 -1.000000 
-0.053170 75.096000 -0.000968 -0.115070 2.746000 0.096372 7.746000 52.254000 1.000000 
-0.023562 44.074200 -0.000170 -0.091262 2.958000 0.222951 7.958000 52.042000 1.000000 
-0.045909 65.222100 -0.005040 -0.091659 4.414000 0.132413 10.586000 49.414000 -1.000000 
-0.021843 73.454200 -0.000137 -0.109523 0.649000 0.128950 5.649000 54.351000 1.000000 
-0.066028 62.116000 -0.007680 -0.124577 4.015000 0.124718 9.015000 50.985000 -1.000000 
-0.012953 49.267800 -0.002160 -0.122185 0.639000 0.196329 14.361000 45.639000 -1.000000 
-0.057105 74.749500 -0.001410 -0.095275 1.428000 0.103230 6.428000 53.572000 1.000000 
-0.052844 73.885400 -0.001333 -0.111656 2.856000 0.108441 7.856000 52.144000 1.000000 
-0.052262 58.339000 -0.000420 -0.109538 0.729000 0.144974 5.729000 54.271000 1.000000 
-0.015704 50.669700 -0.002160 -0.096408 -0.093000 0.186487 15.093000 44.907000 -1.000000 
-0.053838 78.848100 -0.000384 -0.145405 0.427000 0.105136 5.427000 54.573000 1.000000 
-0.020016 30.065500 -0.000130 -0.112599 2.794000 0.331128 12.206000 47.794000 1.000000 
-0.074112 76.073900 -0.001832 -0.111281 4.487000 0.113060 9.487000 50.513000 1.000000 
-0.068386 77.282300 -0.001690 -0.109354 3.400000 0.051654 8.400000 51.600000 1.000000 
-0.049349 69.439800 -0.005760 -0.092257 3.820000 0.132655 11.180000 48.820000 -1.000000 
-0.086412 81.191000 -0.007680 -0.113404 -5.355000 0.111381 20.355000 39.645000 -1.000000 
-0.021702 39.464400 -0.000101 -0.082127 0.667000 0.257742 5.667000 54.333000 1.000000 
-0.025764 44.063300 -0.000187 -0.091400 3.876000 0.225605 8.876000 51.124000 1.000000 
-0.051902 74.006800 -0.001325 -0.091775 3.143000 0.123812 8.143000 51.857000 1.000000 
-0.074120 76.642400 -0.001159 -0.121024 3.341000 0.088426 8.341000 51.659000 1.000000 
-0.081291 68.380300 -0.007680 -0.117860 -6.530000 0.098858 21.530000 38.470000 -1.000000 
-0.038340 74.329000 -0.000179 -0.137829 -0.431000 0.117771 4.569000 55.431000 1.000000 
-0.023228 42.493100 -0.000113 -0.100288 1.694000 0.212043 6.694000 53.306000 1.000000 
-0.023000 42.099000 -0.000113 -0.100163 0.962000 0.223833 5.962000 54.038000 1.000000 
-0.079029 76.558800 -0.001928 -0.108022 4.510000 0.116430 10.490000 49.510000 1.000000 
-0.053798 78.475600 -0.000384 -0.136869 0.498000 0.105470 5.498000 54.502000 1.000000 
-0.045962 -79.388900 -0.002280 -0.127200 -1.070000 -0.230313 3.930000 56.070000 -1.000000 
-0.077369 77.282700 -0.001924 -0.099374 4.631000 0.035608 10.369000 49.631000 1.000000 
-0.023780 41.631000 -0.000105 -0.082025 -0.066000 0.236101 4.934000 55.066000 1.000000 
-0.021902 39.413700 -0.000105 -0.082055 0.151000 0.258158 5.151000 54.849000 1.000000 
-0.057540 78.402600 -0.000326 -0.135119 0.329000 0.099151 5.329000 54.671000 1.000000 
-0.051670 69.868600 -0.005640 -0.089665 0.475000 0.087882 14.525000 45.475000 -1.000000 
-0.061112 62.812900 -0.000467 -0.091109 1.692000 0.126942 6.692000 53.308000 1.000000 
-0.052116 61.656600 -0.000446 -0.098134 2.122000 0.138736 7.122000 52.878000 1.000000 
-0.059695 66.656900 -0.000455 -0.097889 1.577000 0.116543 6.577000 53.423000 1.000000 
-0.022783 44.827400 -0.000171 -0.079796 3.451000 0.228283 8.451000 51.549000 1.000000 
-0.024548 37.401700 -0.000063 -0.077843 -0.792000 0.255153 4.208000 55.792000 1.000000 
-0.055264 78.724200 -0.000361 -0.138590 0.542000 0.104047 5.542000 54.458000 1.000000 
-0.022884 42.443600 -0.000112 -0.100215 1.265000 0.218267 6.265000 53.735000 1.000000 
-0.022730 38.625800 -0.000067 -0.077935 -0.105000 0.256805 4.895000 55.105000 1.000000 
-0.022733 68.491400 -0.000487 -0.069068 1.903000 0.140388 6.903000 53.097000 1.000000 
-0.061474 65.656500 -0.007920 -0.079696 2.771000 0.113777 7.771000 52.229000 -1.000000 
-0.060176 64.251500 -0.000455 -0.097865 1.437000 0.123688 6.437000 53.563000 1.000000 
-0.018771 32.186400 -0.000130 -0.120529 3.962000 0.310200 11.038000 48.962000 1.000000 
-0.091852 73.243300 -0.000588 -0.073372 -13.945000 0.102052 28.945000 31.055000 1.000000 
-0.018382 41.426700 -0.002280 -0.101367 -1.908000 0.186807 3.092000 56.908000 -1.000000 
-0.083549 77.026800 -0.001993 -0.108260 3.239000 0.116838 11.761000 48.239000 1.000000 
-0.059065 64.739900 -0.000453 -0.079602 2.072000 0.110777 7.072000 52.928000 1.000000 
-0.058393 57.017700 -0.000457 -0.125156 1.726000 0.151639 6.726000 53.274000 1.000000 
-0.014510 62.738200 -0.002160 -0.121279 0.165000 0.148845 14.835000 45.165000 -1.000000 
-0.064263 63.028300 -0.007680 -0.111314 4.661000 0.144583 9.661000 50.339000 -1.000000 
-0.017307 61.429400 -0.000089 -0.077974 0.193000 0.161342 5.193000 54.807000 1.000000 
-0.061757 62.319400 -0.000410 -0.116394 0.776000 0.149851 5.776000 54.224000 1.000000 
-0.061063 74.922500 -0.000429 -0.118284 1.658000 0.100912 6.658000 53.342000 1.000000 
-0.083015 77.808000 -0.001818 -0.081127 -8.333000 0.104678 23.333000 36.667000 1.000000 
-0.024033 57.210100 -0.000171 -0.118014 0.324000 0.150155 5.324000 54.676000 1.000000 
-0.064903 77.132600 -0.001417 -0.125288 2.344000 0.093245 7.344000 52.656000 1.000000 
-0.022228 69.809800 -0.002880 -0.069486 4.434000 0.134666 10.566000 49.434000 -1.000000 
-0.058477 58.300000 -0.000475 -0.117355 2.041000 0.138616 7.041000 52.959000 1.000000 
-0.017559 36.571200 -0.002160 -0.095516 3.507000 0.267466 11.493000 48.507000 -1.000000 
-0.065394 77.526400 -0.001482 -0.125281 2.311000 0.092537 7.311000 52.689000 1.000000 
-0.079167 75.704300 -0.001935 -0.108030 4.469000 0.118521 10.531000 49.469000 1.000000 
-0.055673 77.307400 -0.000300 -0.138414 -0.200000 0.108510 4.800000 55.200000 1.000000 
-0.021706 70.184100 -0.000516 -0.069161 2.719000 0.136787 7.719000 52.281000 1.000000 
-0.071448 77.312000 -0.001743 -0.111963 4.091000 0.052987 9.091000 50.909000 1.000000 
-0.061023 60.916000 -0.000355 -0.104553 1.565000 0.130148 6.565000 53.435000 1.000000 
-0.055343 78.502300 -0.000357 -0.138593 0.555000 0.103253 5.555000 54.445000 1.000000 
-0.074420 77.019500 -0.001820 -0.111266 4.410000 0.055499 9.410000 50.590000 1.000000 
-0.060295 66.480200 -0.000463 -0.097875 1.495000 0.118106 6.495000 53.505000 1.000000 
-0.054815 78.148400 -0.000442 -0.133689 1.557000 0.102384 6.557000 53.443000 1.000000 
-0.061112 62.812900 -0.000467 -0.091109 1.692000 0.126942 6.692000 53.308000 1.000000 
-0.079029 76.558800 -0.001928 -0.108022 4.510000 0.116430 10.490000 49.510000 1.000000 
-0.064476 76.927300 -0.001398 -0.125278 2.296000 0.091383 7.296000 52.704000 1.000000 
-0.060360 65.182900 -0.000447 -0.097841 1.290000 0.123331 6.290000 53.710000 1.000000 
-0.061180 59.547600 -0.007560 -0.124709 4.639000 0.135308 9.639000 50.361000 -1.000000 
-0.084510 73.755000 -0.007800 -0.086385 3.804000 0.089850 11.196000 48.804000 -1.000000 
-0.017818 22.278800 -0.001320 -0.088453 1.148000 0.455592 13.852000 46.148000 -1.000000 
-0.019595 31.056500 -0.000127 -0.108110 4.939000 0.328953 10.061000 49.939000 1.000000 
-0.020006 30.813000 -0.000130 -0.120744 2.866000 0.330132 12.134000 47.866000 1.000000 
-0.060192 74.780000 -0.001743 -0.097406 2.765000 0.098161 7.765000 52.235000 1.000000 
-0.015640 23.345200 -0.000075 -0.088736 2.580000 0.448490 7.580000 52.420000 1.000000 
-0.056540 77.669500 -0.000442 -0.123405 1.555000 0.103206 6.555000 53.445000 1.000000 
-0.053311 78.563300 -0.000380 -0.145392 0.372000 0.104807 5.372000 54.628000 1.000000 
-0.066965 75.300100 -0.000489 -0.118442 2.437000 0.096410 7.437000 52.563000 1.000000 
-0.066703 75.618600 -0.000489 -0.118423 2.343000 0.093315 7.343000 52.657000 1.000000 
-0.065773 65.080700 -0.007920 -0.085724 4.735000 0.106118 9.735000 50.265000 -1.000000 
-0.079888 77.190400 -0.001934 -0.107994 4.662000 0.113658 10.338000 49.662000 1.000000 
-0.055991 79.045900 -0.000346 -0.131721 0.433000 0.096033 5.433000 54.567000 1.000000 
-0.057193 74.565400 -0.001380 -0.095269 1.388000 0.100342 6.388000 53.612000 1.000000 
-0.018340 31.776100 -0.000131 -0.124077 2.521000 0.322293 12.479000 47.521000 1.000000 
-0.064352 60.628600 -0.000431 -0.103858 2.659000 0.126668 7.659000 52.341000 1.000000 
-0.057035 75.690100 -0.001433 -0.095284 1.481000 0.101314 6.481000 53.519000 1.000000 
-0.054962 78.163800 -0.000342 -0.138595 0.563000 0.103849 5.563000 54.437000 1.000000 
-0.052322 74.520400 -0.001328 -0.091806 3.340000 0.123966 8.340000 51.660000 1.000000 
-0.056279 63.707900 -0.007560 -0.097751 4.842000 0.128590 9.842000 50.158000 -1.000000 
-0.019474 53.003600 -0.000072 -0.077926 -0.170000 0.188915 4.830000 55.170000 1.000000 
-0.056089 71.864700 -0.000330 -0.135069 0.115000 0.112967 5.115000 54.885000 1.000000 
-0.060852 65.607900 -0.007680 -0.121861 2.369000 0.117090 7.369000 52.631000 -1.000000 
-0.064807 77.153300 -0.001386 -0.125278 2.298000 0.092696 7.298000 52.702000 1.000000 
-0.064671 77.649000 -0.001413 -0.125301 2.405000 0.093034 7.405000 52.595000 1.000000 
-0.022854 37.922500 -0.000074 -0.077941 -0.061000 0.261981 4.939000 55.061000 1.000000 
-0.057407 74.600500 -0.001425 -0.095270 1.397000 0.102690 6.397000 53.603000 1.000000 
-0.084186 80.415900 -0.007680 -0.142143 -2.009000 0.100630 17.009000 42.991000 -1.000000 
-0.019501 69.216800 -0.000068 -0.072331 -0.661000 0.138684 4.339000 55.661000 1.000000 
-0.064432 60.320600 -0.000382 -0.105517 2.418000 0.130092 7.418000 52.582000 1.000000 
-0.051410 74.337400 -0.001351 -0.091798 3.291000 0.123514 8.291000 51.709000 1.000000 
-0.022404 68.229000 -0.002880 -0.070451 4.678000 0.134033 10.322000 49.678000 -1.000000 
-0.073481 76.649600 -0.001606 -0.117759 4.056000 0.087555 9.056000 50.944000 1.000000 
-0.073512 76.241300 -0.001151 -0.120970 3.078000 0.088808 8.078000 51.922000 1.000000 
-0.021328 69.497800 -0.000528 -0.069217 3.209000 0.138666 8.209000 51.791000 1.000000 
-0.056655 78.247600 -0.000360 -0.145289 -0.041000 0.106552 4.959000 55.041000 1.000000 
-0.059104 66.594200 -0.007680 -0.079734 3.049000 0.105669 8.049000 51.951000 -1.000000 
-0.027097 -84.857800 -0.001320 -0.123335 -21.090000 -0.251907 36.090000 23.910000 -1.000000 
-0.084505 78.360800 -0.001509 -0.078921 -3.544000 0.096464 18.544000 41.456000 1.000000 
-0.019096 28.530900 -0.000122 -0.120733 2.923000 0.359387 12.077000 47.923000 1.000000 
-0.053534 74.281300 -0.001417 -0.091870 3.746000 0.123119 8.746000 51.254000 1.000000 
-0.019051 31.889800 -0.000130 -0.123992 2.942000 0.316051 12.058000 47.942000 1.000000 
-0.061135 64.492100 -0.007920 -0.079709 2.862000 0.102036 7.862000 52.138000 -1.000000 
-0.061824 65.826800 -0.000479 -0.081697 2.466000 0.108682 7.466000 52.534000 1.000000 
-0.022360 64.821200 -0.002880 -0.067456 4.837000 0.147385 10.163000 49.837000 -1.000000 
-0.017350 21.515800 -0.000044 -0.090464 -0.820000 0.473405 4.180000 55.820000 1.000000 
-0.023875 69.322600 -0.000629 -0.062637 3.329000 0.137579 8.329000 51.671000 1.000000 
-0.056660 74.322000 -0.000454 -0.095526 2.961000 0.110150 7.961000 52.039000 1.000000 
-0.022888 69.021000 -0.000596 -0.068653 3.230000 0.138785 8.230000 51.770000 1.000000 
-0.051523 69.680000 -0.005760 -0.115383 4.327000 0.114565 9.327000 50.673000 -1.000000 
-0.052959 81.276500 -0.000378 -0.145441 0.569000 0.097392 5.569000 54.431000 1.000000 
-0.056233 74.023400 -0.001395 -0.095255 1.301000 0.105461 6.301000 53.699000 1.000000 
-0.058401 80.083100 -0.000342 -0.135226 0.794000 0.092010 5.794000 54.206000 1.000000 
-0.064992 60.642200 -0.000442 -0.111396 2.906000 0.125263 7.906000 52.094000 1.000000 
-0.053740 78.434100 -0.000372 -0.136841 0.378000 0.102986 5.378000 54.622000 1.000000 
-0.054130 78.397000 -0.000357 -0.145362 0.252000 0.108555 5.252000 54.748000 1.000000 
-0.071371 77.337600 -0.001805 -0.112012 4.351000 0.051678 9.351000 50.649000 1.000000 
-0.083549 77.026800 -0.001993 -0.108260 3.239000 0.116838 11.761000 48.239000 1.000000 
-0.083549 77.026800 -0.001993 -0.108260 3.239000 0.116838 11.761000 48.239000 1.000000 
-0.056024 78.929300 -0.000353 -0.131759 0.599000 0.093714 5.599000 54.401000 1.000000 
-0.053696 79.073600 -0.000380 -0.145394 0.381000 0.105705 5.381000 54.619000 1.000000 
-0.055510 78.979700 -0.000273 -0.138461 -0.003000 0.099679 4.997000 55.003000 1.000000 
-0.082422 75.945500 -0.001962 -0.108229 3.403000 0.069937 11.597000 48.403000 1.000000 
