0.5 0.5 0.5 0.5 0.5 0.5 0.5 0.5 0.5 0.5 0.5 0.5 0.3125 0.3125 0.3125 0.3125 0.3125 0.3125 0.3125 0.3125 0.3125 0.3125 0.3125 0.3125 0.8857142857142857 0.8857142857142857 0.8857142857142857 0.8857142857142857 0.031249999999999993 0.0 0.10714285714285714 0.625
0.5 0.5 0.5 0.5 0.5 0.5 0.5 0.5 0.5 0.5 0.5 0.5 0.0 0.0 0.0 0.0 0.0 0.0 0.0 0.0 0.0 0.0 0.0 0.0 0.8857142857142857 0.8857142857142857 0.8857142857142857 0.8857142857142857 0.031249999999999993 0.0 0.2857142857142857 0.625
0.5 0.5 0.5 0.5 0.5 0.5 0.5 0.5 0.5 0.5 0.5 0.5 0.3125 0.3125 0.3125 0.3125 0.3125 0.3125 0.3125 0.3125 0.3125 0.3125 0.3125 0.3125 0.8857142857142857 0.8857142857142857 0.8857142857142857 0.8857142857142857 0.031249999999999993 0.05714285714285714 0.21428571428571427 0.625
0.5 0.5 0.5 0.5 0.5 0.5 0.5 0.5 0.5 0.5 0.5 0.5 0.0 0.0 0.0 0.0 0.0 0.0 0.0 0.0 0.0 0.0 0.0 0.0 0.8857142857142857 0.8857142857142857 0.8857142857142857 0.8857142857142857 0.3526785714285714 0.0 0.32857142857142857 0.625
0.5 0.5 0.5 0.5 0.5 0.5 0.5 0.5 0.5 0.5 0.5 0.5 0.3125 0.3125 0.3125 0.3125 0.3125 0.3125 0.3125 0.3125 0.3125 0.3125 0.3125 0.3125 0.8857142857142857 0.8857142857142857 0.8857142857142857 0.8857142857142857 0.6874999999999999 0.34285714285714286 0.6428571428571429 0.625
0.5 0.5 0.5 0.5 0.5 0.5 0.5 0.5 0.5 0.5 0.5 0.5 0.5 0.5 0.5 0.5 0.5 0.5 0.5 0.5 0.5 0.5 0.5 0.5 0.8857142857142857 0.8857142857142857 0.8857142857142857 0.8857142857142857 0.2857142857142857 0.2857142857142857 0.2857142857142857 0.3125
0.5 0.5 0.5 0.5 0.5 0.5 0.5 0.5 0.5 0.5 0.5 0.5 0.5 0.5 0.5 0.5 0.5 0.5 0.5 0.5 0.5 0.5 0.5 0.5 0.8857142857142857 0.8857142857142857 0.8857142857142857 0.8857142857142857 0.2857142857142857 0.14285714285714285 0.21428571428571427 0.3125
0.5 0.5 0.5 0.5 0.5 0.5 0.5 0.5 0.5 0.5 0.5 0.5 0.5 0.5 0.5 0.5 0.5 0.5 0.5 0.5 0.5 0.5 0.5 0.5 0.8857142857142857 0.8857142857142857 0.8857142857142857 0.8857142857142857 0.2857142857142857 0.14285714285714285 0.14285714285714285 0.3125
0.5 0.5 0.5 0.5 0.5 0.5 0.5 0.5 0.5 0.5 0.5 0.5 0.5 0.5 0.5 0.5 0.5 0.5 0.5 0.5 0.5 0.5 0.5 0.5 0.8857142857142857 0.8857142857142857 0.8857142857142857 0.8857142857142857 0.21874999999999997 0.0 0.14285714285714285 0.3125
0.5 0.5 0.5 0.5 0.5 0.5 0.5 0.5 0.5 0.5 0.5 0.5 0.25 0.25 0.25 0.25 0.25 0.25 0.25 0.25 0.25 0.25 0.25 0.25 0.3142857142857143 0.3142857142857143 0.3142857142857143 0.3142857142857143 0.4419642857142857 0.11428571428571428 0.35714285714285715 0.5625
0.5 0.5 0.5 0.5 0.5 0.5 0.5 0.5 0.5 0.5 0.5 0.5 0.5 0.5 0.5 0.5 0.5 0.5 0.5 0.5 0.5 0.5 0.5 0.5 0.3142857142857143 0.3142857142857143 0.3142857142857143 0.3142857142857143 0.21874999999999997 0.17142857142857143 0.35714285714285715 0.5625
0.5 0.5 0.5 0.5 0.5 0.5 0.5 0.5 0.5 0.5 0.5 0.5 0.5 0.5 0.5 0.5 0.5 0.5 0.5 0.5 0.5 0.5 0.5 0.5 0.6 0.6 0.6 0.6 0.21874999999999997 0.14285714285714285 0.32142857142857145 0.375
0.5 0.5 0.5 0.5 0.5 0.5 0.5 0.5 0.5 0.5 0.5 0.5 0.75 0.75 0.75 0.75 0.75 0.75 0.75 0.75 0.75 0.75 0.75 0.75 0.6 0.6 0.6 0.6 0.17410714285714285 0.02857142857142857 0.30714285714285716 0.5
0.5 0.5 0.5 0.5 0.5 0.5 0.5 0.5 0.5 0.5 0.5 0.5 0.5 0.5 0.5 0.5 0.5 0.5 0.5 0.5 0.5 0.5 0.5 0.5 0.7714285714285715 0.7714285714285715 0.7714285714285715 0.7714285714285715 0.2857142857142857 0.05714285714285714 0.2714285714285714 0.4375
0.5 0.5 0.5 0.5 0.5 0.5 0.5 0.5 0.5 0.5 0.5 0.5 0.75 0.75 0.75 0.75 0.75 0.75 0.75 0.75 0.75 0.75 0.75 0.75 0.7714285714285715 0.7714285714285715 0.7714285714285715 0.7714285714285715 0.6874999999999999 0.5428571428571428 0.25 0.4375
0.5 0.5 0.5 0.5 0.5 0.5 0.5 0.5 0.5 0.5 0.5 0.5 0.75 0.75 0.75 0.75 0.75 0.75 0.75 0.75 0.75 0.75 0.75 0.75 0.7714285714285715 0.7714285714285715 0.7714285714285715 0.7714285714285715 0.6874999999999999 0.42857142857142855 0.4642857142857143 0.3125
0.5 0.5 0.5 0.5 0.5 0.5 0.5 0.5 0.5 0.5 0.5 0.5 0.5 0.5 0.5 0.5 0.5 0.5 0.5 0.5 0.5 0.5 0.5 0.5 0.3142857142857143 0.3142857142857143 0.3142857142857143 0.3142857142857143 0.4419642857142857 0.2 0.5 0.375
0.5 0.5 0.5 0.5 0.5 0.5 0.5 0.5 0.5 0.5 0.5 0.5 0.25 0.25 0.25 0.25 0.25 0.25 0.25 0.25 0.25 0.25 0.25 0.25 0.42857142857142855 0.42857142857142855 0.42857142857142855 0.42857142857142855 0.12276785714285714 0.02857142857142857 0.21428571428571427 0.25
0.5 0.5 0.5 0.5 0.5 0.5 0.5 0.5 0.5 0.5 0.5 0.5 0.25 0.25 0.25 0.25 0.25 0.25 0.25 0.25 0.25 0.25 0.25 0.25 0.11999999999999998 0.11999999999999998 0.11999999999999998 0.11999999999999998 0.12276785714285714 0.2 0.21428571428571427 0.8125
0.5 0.5 0.5 0.5 0.5 0.5 0.5 0.5 0.5 0.5 0.5 0.5 0.25 0.25 0.25 0.25 0.25 0.25 0.25 0.25 0.25 0.25 0.25 0.25 0.21142857142857138 0.21142857142857138 0.21142857142857138 0.21142857142857138 0.08928571428571429 0.05714285714285714 0.21428571428571427 0.6875
0.5 0.5 0.5 0.5 0.5 0.5 0.5 0.5 0.5 0.5 0.5 0.5 0.125 0.125 0.125 0.125 0.125 0.125 0.125 0.125 0.125 0.125 0.125 0.125 0.06285714285714283 0.06285714285714283 0.06285714285714283 0.06285714285714283 0.024553571428571428 0.0 0.17857142857142858 0.5
0.5 0.5 0.5 0.5 0.5 0.5 0.5 0.5 0.5 0.5 0.5 0.5 0.125 0.125 0.125 0.125 0.125 0.125 0.125 0.125 0.125 0.125 0.125 0.125 0.11999999999999998 0.11999999999999998 0.11999999999999998 0.11999999999999998 0.04017857142857143 0.0 0.21428571428571427 0.375
0.5 0.5 0.5 0.5 0.5 0.5 0.5 0.5 0.5 0.5 0.5 0.5 0.1875 0.1875 0.1875 0.1875 0.1875 0.1875 0.1875 0.1875 0.1875 0.1875 0.1875 0.1875 0.21142857142857138 0.21142857142857138 0.21142857142857138 0.21142857142857138 0.10267857142857144 0.05714285714285714 0.39285714285714285 0.375
0.5 0.5 0.5 0.5 0.5 0.5 0.5 0.5 0.5 0.5 0.5 0.5 0.1875 0.1875 0.1875 0.1875 0.1875 0.1875 0.1875 0.1875 0.1875 0.1875 0.1875 0.1875 0.21142857142857138 0.21142857142857138 0.21142857142857138 0.21142857142857138 0.15178571428571427 0.0 0.21428571428571427 0.25
0.5 0.5 0.5 0.5 0.5 0.5 0.5 0.5 0.5 0.5 0.5 0.5 0.3125 0.3125 0.3125 0.3125 0.3125 0.3125 0.3125 0.3125 0.3125 0.3125 0.3125 0.3125 0.28 0.28 0.28 0.28 0.17410714285714285 0.05714285714285714 0.25 0.25
0.5 0.5 0.5 0.5 0.5 0.5 0.5 0.5 0.5 0.5 0.5 0.5 0.3125 0.3125 0.3125 0.3125 0.3125 0.3125 0.3125 0.3125 0.3125 0.3125 0.3125 0.3125 0.28 0.28 0.28 0.28 0.17410714285714285 0.02857142857142857 0.21428571428571427 0.25
0.5 0.5 0.5 0.5 0.5 0.5 0.5 0.5 0.5 0.5 0.5 0.5 0.0625 0.0625 0.0625 0.0625 0.0625 0.0625 0.0625 0.0625 0.0625 0.0625 0.0625 0.0625 0.3142857142857143 0.3142857142857143 0.3142857142857143 0.3142857142857143 0.3526785714285714 0.08571428571428572 0.32142857142857145 0.375
0.5 0.5 0.5 0.5 0.5 0.5 0.5 0.5 0.5 0.5 0.5 0.5 0.0625 0.0625 0.0625 0.0625 0.0625 0.0625 0.0625 0.0625 0.0625 0.0625 0.0625 0.0625 0.3142857142857143 0.3142857142857143 0.3142857142857143 0.3142857142857143 0.3526785714285714 0.17142857142857143 0.35714285714285715 0.5
0.5 0.5 0.5 0.5 0.5 0.5 0.5 0.5 0.5 0.5 0.5 0.5 0.5 0.5 0.5 0.5 0.5 0.5 0.5 0.5 0.5 0.5 0.5 0.5 0.42857142857142855 0.42857142857142855 0.42857142857142855 0.42857142857142855 0.4419642857142857 0.11428571428571428 0.2857142857142857 0.25
0.5 0.5 0.5 0.5 0.5 0.5 0.5 0.5 0.5 0.5 0.5 0.5 0.625 0.625 0.625 0.625 0.625 0.625 0.625 0.625 0.625 0.625 0.625 0.625 0.7142857142857143 0.7142857142857143 0.7142857142857143 0.7142857142857143 0.2857142857142857 0.02857142857142857 0.25 0.5
0.5 0.5 0.5 0.5 0.5 0.5 0.5 0.5 0.5 0.5 0.5 0.5 0.625 0.625 0.625 0.625 0.625 0.625 0.625 0.625 0.625 0.625 0.625 0.625 1.0 1.0 1.0 1.0 0.13392857142857142 0.05714285714285714 0.10714285714285714 0.4375
0.5 0.5 0.5 0.5 0.5 0.5 0.5 0.5 0.5 0.5 0.5 0.5 0.25 0.25 0.25 0.25 0.25 0.25 0.25 0.25 0.25 0.25 0.25 0.25 0.06285714285714283 0.06285714285714283 0.06285714285714283 0.06285714285714283 0.13392857142857142 0.08571428571428572 0.21428571428571427 0.4375