73.091400 -0.000158 0.023208 3.091400 0.052429 39.316000 20.684000 1.000000
75.292200 -0.000246 0.002924 5.292200 0.034719 54.014000 5.986000 1.000000
72.303300 -0.000269 0.034207 2.303300 0.046730 27.563000 32.437000 1.000000
71.649000 -0.000271 0.073624 1.649000 0.046453 30.061000 29.939000 1.000000
74.728900 -0.000202 0.029545 4.728900 0.018324 40.147000 19.853000 1.000000
70.598200 -0.000214 0.086094 0.598200 0.044046 52.527000 7.473000 1.000000
72.487400 -0.000252 0.075258 2.487400 0.043017 36.183000 23.817000 1.000000
73.117300 -0.000187 0.081713 3.117300 0.047411 42.872000 17.128000 1.000000
72.029200 -0.000167 0.076636 2.029200 0.039043 40.901000 19.099000 1.000000
75.380200 -0.000584 0.075319 5.380200 0.063452 9.287000 50.713000 1.000000
71.740500 -0.000156 0.081748 1.740500 0.046301 47.625000 12.375000 1.000000
73.112800 -0.000135 0.072184 3.112800 0.033559 53.151000 6.849000 1.000000
70.166200 -0.000489 0.111365 0.166200 0.052402 33.847000 26.153000 1.000000
74.949800 -0.000777 0.092242 4.949800 0.034103 24.374000 35.626000 1.000000
75.668300 -0.000198 0.102568 5.668300 0.027000 55.896000 4.104000 1.000000
74.959900 -0.000373 0.102260 4.959900 0.027898 34.706000 25.294000 1.000000
75.317000 -0.000274 0.093833 5.317000 0.020884 49.678000 10.322000 1.000000
71.378600 -0.001210 0.093910 1.378600 0.005048 21.176000 38.824000 1.000000
74.550900 -0.000601 0.104456 4.550900 0.019942 36.714000 23.286000 1.000000
70.176000 -0.000496 0.094069 0.176000 0.002970 32.378000 27.622000 1.000000
70.903300 -0.001049 0.093384 0.903300 0.027005 8.217000 51.783000 1.000000
74.578200 -0.000518 0.105294 4.578200 0.026338 4.981000 55.019000 1.000000
78.268100 -0.000113 0.112683 8.268100 0.066951 4.884000 55.116000 1.000000
71.583000 -0.000616 0.117387 1.583000 0.033761 6.821000 53.179000 1.000000
78.033900 -0.001063 0.115558 8.033900 0.008224 15.750000 44.250000 1.000000
73.467000 -0.001189 0.114978 3.467000 0.005987 28.072000 31.928000 1.000000
75.550200 -0.000621 0.115080 5.550200 0.049876 7.784000 52.216000 1.000000
71.418000 -0.000449 0.136505 1.418000 0.043389 3.340000 56.660000 1.000000
77.348900 -0.000756 0.109921 7.348900 0.009132 5.384000 54.616000 1.000000
74.805100 -0.001366 0.112823 4.805100 0.011478 6.834000 53.166000 1.000000
77.043300 -0.000486 0.123048 7.043300 0.054809 6.229000 53.771000 1.000000
75.497000 -0.000372 0.121378 5.497000 0.076041 4.017000 55.983000 1.000000
60.038800 -0.000135 0.151336 -9.961200 0.086779 4.517000 55.483000 1.000000
-301.453000 -0.045000 -0.089489 -371.453000 0.081041 8.597000 51.403000 -1.000000
73.047900 -0.045000 0.104981 3.047900 0.039709 16.853000 43.147000 -1.000000
68.073300 -0.000444 0.058693 -1.926700 -0.099287 103.373000 -43.373000 1.000000
74.087600 -0.045000 0.072907 4.087600 0.050487 14.987000 45.013000 -1.000000
59.780600 -0.000243 -0.115562 -10.219400 -0.077305 185.816000 -125.816000 1.000000
76.244800 -0.001402 0.099796 6.244800 -0.027646 60.294000 -0.294000 1.000000
62.749900 -0.045000 0.081036 -7.250100 -0.085390 169.496000 -109.496000 -1.000000
58.951800 -0.000091 0.157246 -11.048200 0.049062 2.943000 57.057000 1.000000
43.767600 -0.045000 0.076591 -26.232400 -0.117161 305.014000 -245.014000 -1.000000
52.351800 -0.000125 0.047503 -17.648200 -0.061943 277.260000 -217.260000 1.000000
63.146900 -0.045000 0.133293 -6.853100 0.048015 44.442000 15.558000 -1.000000
69.368200 -0.000496 -0.006241 -0.631800 -0.088553 119.466000 -59.466000 1.000000
28.274700 -0.000168 0.351862 -41.725300 0.089049 10.133000 49.867000 1.000000
47.661400 -0.000463 0.217170 -22.338600 0.076716 9.992000 50.008000 1.000000
70.249600 -0.001125 -0.241772 0.249600 -0.082466 44.412000 15.588000 1.000000
71.278600 -0.000832 0.079693 1.278600 -0.096163 82.878000 -22.878000 1.000000
68.645200 -0.001166 0.080905 -1.354800 -0.087200 123.322000 -63.322000 1.000000
64.653100 -0.000360 -0.430038 -5.346900 -0.042593 150.041000 -90.041000 1.000000
70.448000 -0.000688 0.078716 0.448000 -0.059597 68.003000 -8.003000 1.000000
57.477200 -0.000617 0.162886 -12.522800 0.039355 4.452000 55.548000 1.000000
73.773400 -0.045000 0.063392 3.773400 -0.039781 15.519000 44.481000 -1.000000
74.260400 -0.001028 0.097433 4.260400 -0.015887 36.719000 23.281000 1.000000
70.868500 -0.000652 0.101047 0.868500 -0.034032 45.191000 14.809000 1.000000
59.774900 -0.000431 0.034305 -10.225100 -0.054735 161.105000 -101.105000 1.000000
73.990700 -0.045000 0.069768 3.990700 -0.055290 59.169000 0.831000 -1.000000
77.198500 -0.001837 0.052961 7.198500 -0.067430 21.868000 38.132000 1.000000
74.508200 -0.000211 0.012797 4.508200 -0.050636 73.297000 -13.297000 1.000000
60.839600 -0.000756 0.093645 -9.160400 0.058647 8.087000 51.913000 1.000000
70.923000 -0.001613 -0.026581 0.923000 0.005456 7.471000 52.529000 1.000000
56.915000 -0.045000 0.170185 -13.085000 0.063476 22.891000 37.109000 -1.000000
32.620700 -0.000311 0.293067 -37.379300 0.079633 3.101000 56.899000 1.000000
37.341000 -0.045000 0.115415 -32.659000 0.082002 -5.149000 65.149000 -1.000000
46.910300 -0.000098 0.215835 -23.089700 0.069698 3.440000 56.560000 1.000000
72.228800 -0.045000 0.100095 2.228800 0.036720 40.245000 19.755000 -1.000000
71.886500 -0.045000 0.095825 1.886500 -0.004056 43.605000 16.395000 -1.000000
68.739500 -0.002298 0.092299 -1.260500 -0.086446 147.367000 -87.367000 1.000000
71.064200 -0.000464 0.059514 1.064200 -0.091107 76.764000 -16.764000 1.000000
81.158000 -0.001860 0.049503 11.158000 0.013395 31.249000 28.751000 1.000000
70.085400 -0.000317 0.105845 0.085400 0.014396 3.896000 56.104000 1.000000
74.739800 -0.000873 0.103635 4.739800 -0.001212 29.803000 30.197000 1.000000
64.445400 -0.045000 0.079223 -5.554600 -0.053444 140.461000 -80.461000 -1.000000
45.337200 -0.000344 0.224247 -24.662800 0.083049 8.856000 51.144000 1.000000
36.775800 -0.000207 0.261871 -33.224200 0.077293 4.551000 55.449000 1.000000
65.026100 -0.000130 0.137627 -4.973900 0.056152 2.741000 57.259000 1.000000
65.527000 -0.045000 -0.293258 -4.473000 0.021492 10.934000 49.066000 -1.000000
78.504500 -0.045000 -0.242161 8.504500 -0.066849 12.676000 47.324000 -1.000000
61.232700 -0.045000 0.146241 -8.767300 0.036486 36.544000 23.456000 -1.000000
71.683900 -0.045000 0.034600 1.683900 -0.084761 93.165000 -33.165000 -1.000000
59.003800 -0.002060 -0.009257 -10.996200 -0.080144 184.280000 -124.280000 1.000000
59.582200 -0.045000 -0.109039 -10.417800 0.041955 15.562000 44.438000 -1.000000
72.281600 -0.045000 0.109456 2.281600 -0.049499 72.202000 -12.202000 -1.000000
64.814000 -0.000453 0.148861 -5.186000 0.064228 3.972000 56.028000 1.000000
61.034900 -0.000836 -0.093760 -8.965100 0.030847 5.988000 54.012000 1.000000
56.185000 -0.000817 0.140430 -13.815000 0.053852 8.323000 51.677000 1.000000
114.796000 -0.045000 -0.035684 44.796000 0.019103 41.434000 18.566000 -1.000000
67.511100 -0.000445 0.102971 -2.488900 0.006778 121.035000 -61.035000 1.000000
70.418800 -0.001848 0.088683 0.418800 -0.095334 46.616000 13.384000 1.000000
76.682700 -0.000619 0.062132 6.682700 -0.017920 36.562000 23.438000 1.000000
70.903100 -0.000207 0.135544 0.903100 0.016251 2.650000 57.350000 1.000000
66.474200 -0.001881 0.083990 -3.525800 -0.019049 5.959000 54.041000 1.000000
61.361800 -0.045000 0.048411 -8.638200 -0.007002 131.891000 -71.891000 -1.000000
66.336200 -0.045000 0.090181 -3.663800 0.052288 14.897000 45.103000 -1.000000
76.588100 -0.018000 0.018497 6.588100 -0.026118 13.385000 46.615000 -1.000000
56.489900 -0.000255 0.081681 -13.510100 -0.097988 253.720000 -193.720000 1.000000
68.363600 -0.045000 0.036899 -1.636400 -0.084427 65.237000 -5.237000 -1.000000
39.650900 -0.000056 0.256399 -30.349100 0.075316 3.773000 56.227000 1.000000
75.073200 -0.000681 0.051368 5.073200 -0.036968 89.970000 -29.970000 1.000000
78.614500 -0.000136 -0.196377 8.614500 -0.051928 70.887000 -10.887000 1.000000
75.640300 -0.001479 0.073760 5.640300 -0.019799 99.702000 -39.702000 1.000000
67.259900 -0.045000 0.105494 -2.740100 -0.017699 56.021000 3.979000 -1.000000
68.212900 -0.000419 0.136054 -1.787100 0.067534 3.123000 56.877000 1.000000
-5.592910 -0.045000 -4.493340 -75.592910 -0.353636 -33.002000 93.002000 -1.000000
78.279900 -0.001165 0.093029 8.279900 0.027309 5.944000 54.056000 1.000000
68.383000 -0.001886 0.108449 -1.617000 -0.048278 60.697000 -0.697000 1.000000
63.782900 -0.001847 0.011797 -6.217100 -0.063294 127.305000 -67.305000 1.000000
64.056100 -0.045000 0.085503 -5.943900 -0.065361 90.556000 -30.556000 -1.000000
78.609700 -0.001322 0.091699 8.609700 -0.002679 30.597000 29.403000 1.000000
79.748600 -0.000733 0.079426 9.748600 0.010988 46.548000 13.452000 1.000000
66.629100 -0.000908 0.119221 -3.370900 0.013924 5.406000 54.594000 1.000000
30.226600 -0.045000 0.308526 -39.773400 0.088735 0.949000 59.051000 -1.000000
63.137200 -0.000787 0.145431 -6.862800 0.030952 48.416000 11.584000 1.000000
70.448500 -0.001386 -0.026959 0.448500 -0.106956 58.706000 1.294000 1.000000
69.846300 -0.045000 -0.004673 -0.153700 -0.068342 59.459000 0.541000 -1.000000
62.956800 -0.000050 0.132114 -7.043200 0.048861 2.189000 57.811000 1.000000
77.317700 -0.002188 0.079611 7.317700 -0.032634 30.167000 29.833000 1.000000
43.172900 -0.000489 0.229087 -26.827100 0.069218 7.375000 52.625000 1.000000
59.202100 -0.000204 0.045140 -10.797900 -0.097337 172.819000 -112.819000 1.000000
67.915100 -0.000199 0.094600 -2.084900 -0.093456 106.103000 -46.103000 1.000000
64.103900 -0.000065 0.153257 -5.896100 0.085390 4.447000 55.553000 1.000000
67.075400 -0.000209 0.100358 -2.924600 -0.005600 68.536000 -8.536000 1.000000
46.744200 -0.000037 0.204241 -23.255800 0.073796 3.146000 56.854000 1.000000
66.758500 -0.000318 0.085850 -3.241500 -0.089290 131.702000 -71.702000 1.000000
63.213600 -0.045000 0.027655 -6.786400 -0.057642 158.070000 -98.070000 -1.000000
40.231000 -0.000249 0.246279 -29.769000 0.081481 3.171000 56.829000 1.000000
71.219900 -0.045000 0.087834 1.219900 -0.075068 91.430000 -31.430000 -1.000000
60.572800 -0.000423 0.106512 -9.427200 -0.100592 163.134000 -103.134000 1.000000
67.878300 -0.000263 0.062932 -2.121700 -0.092024 157.293000 -97.293000 1.000000
48.001600 -0.000547 0.202790 -21.998400 0.060277 4.964000 55.036000 1.000000
50.974800 -0.045000 0.179904 -19.025200 0.057865 42.495000 17.505000 -1.000000
71.490300 -0.001043 0.009548 1.490300 -0.076153 56.920000 3.080000 1.000000
77.586900 -0.000276 0.080920 7.586900 0.022686 72.979000 -12.979000 1.000000
65.077600 -0.000353 0.089514 -4.922400 -0.090714 80.847000 -20.847000 1.000000
38.281600 -0.000323 0.274847 -31.718400 0.081463 10.411000 49.589000 1.000000
71.442400 -0.000977 0.098823 1.442400 0.001816 60.579000 -0.579000 1.000000
50.996100 -0.000175 0.200414 -19.003900 0.092047 8.361000 51.639000 1.000000
55.719600 -0.000186 0.175362 -14.280400 0.088891 5.986000 54.014000 1.000000
71.206700 -0.045000 -0.001144 1.206700 0.052965 41.713000 18.287000 -1.000000
69.765000 -0.000284 0.075555 -0.235000 -0.049420 115.643000 -55.643000 1.000000
65.195200 -0.000900 0.109672 -4.804800 0.017593 61.258000 -1.258000 1.000000
56.523600 -0.045000 -0.081278 -13.476400 -0.068367 208.726000 -148.726000 -1.000000
65.180000 -0.045000 0.084299 -4.820000 -0.057607 90.566000 -30.566000 -1.000000
72.178300 -0.000832 0.088301 2.178300 -0.089069 73.090000 -13.090000 1.000000
60.869500 -0.000121 0.134321 -9.130500 0.032769 2.251000 57.749000 1.000000
69.933600 -0.001028 0.087792 -0.066400 -0.086381 40.739000 19.261000 1.000000
73.111900 -0.001339 0.098920 3.111900 -0.034027 32.320000 27.680000 1.000000
67.044700 -0.045000 0.134878 -2.955300 0.034896 48.127000 11.873000 -1.000000
63.590600 -0.000134 -0.320546 -6.409400 -0.093869 175.562000 -115.562000 1.000000
71.860600 -0.045000 0.113127 1.860600 -0.045774 84.006000 -24.006000 -1.000000
75.224100 -0.000570 0.115951 5.224100 0.040680 6.729000 53.271000 1.000000
66.003100 -0.000406 0.044340 -3.996900 -0.103153 173.631000 -113.631000 1.000000
72.044400 -0.045000 0.036716 2.044400 -0.027014 76.217000 -16.217000 -1.000000
64.831400 -0.000349 0.137110 -5.168600 0.065864 4.183000 55.817000 1.000000
60.003300 -0.000118 0.168700 -9.996700 0.065134 3.083000 56.917000 1.000000
74.619300 -0.001838 0.015373 4.619300 -0.046080 32.540000 27.460000 1.000000
72.260800 -0.045000 0.003110 2.260800 -0.000744 44.998000 15.002000 -1.000000
63.900400 -0.045000 0.088157 -6.099600 -0.057239 156.119000 -96.119000 -1.000000
40.973500 -0.000214 0.252671 -29.026500 0.077525 4.840000 55.160000 1.000000
67.526300 -0.045000 0.096689 -2.473700 -0.104036 143.875000 -83.875000 -1.000000
69.934700 -0.000857 0.082014 -0.065300 -0.095224 64.696000 -4.696000 1.000000
47.568600 -0.002316 0.060835 -22.431400 -0.115600 302.093000 -242.093000 1.000000
57.967000 -0.000351 0.069348 -12.033000 -0.056864 209.432000 -149.432000 1.000000
48.458000 -0.000129 0.201071 -21.542000 0.077383 3.939000 56.061000 1.000000
73.507300 -0.000710 0.119179 3.507300 0.051938 9.604000 50.396000 1.000000
34.839900 -0.045000 0.067867 -35.160100 -0.123579 366.322000 -306.322000 -1.000000
56.004600 -0.000045 0.167681 -13.995400 0.054875 2.840000 57.160000 1.000000
71.832700 -0.045000 0.120463 1.832700 0.023966 29.779000 30.221000 -1.000000
53.412200 -0.000347 0.192196 -16.587800 0.084216 15.890000 44.110000 1.000000
68.089400 -0.000491 -0.091368 -1.910600 -0.092477 72.852000 -12.852000 1.000000
54.750900 -0.002217 -0.147322 -15.249100 -0.087946 178.513000 -118.513000 1.000000
31.299000 -0.000218 0.328836 -38.701000 0.086602 12.959000 47.041000 1.000000
36.144400 -0.045000 0.047309 -33.855600 -0.111419 311.049000 -251.049000 -1.000000
74.436800 -0.000392 0.080011 4.436800 -0.096454 59.804000 0.196000 1.000000
70.651400 -0.045000 0.059417 0.651400 -0.053351 26.032000 33.968000 -1.000000
67.235100 -0.045000 0.102858 -2.764900 -0.051411 75.662000 -15.662000 -1.000000
68.985000 -0.000410 0.050760 -1.015000 -0.079634 118.728000 -58.728000 1.000000
55.950700 -0.000297 0.025329 -14.049300 -0.049738 213.021000 -153.021000 1.000000
77.253300 -0.045000 0.109280 7.253300 -0.002310 58.114000 1.886000 -1.000000
52.832200 -0.000658 0.162118 -17.167800 0.061084 7.024000 52.976000 1.000000
72.173300 -0.001447 0.068181 2.173300 -0.024292 42.920000 17.080000 1.000000
67.182400 -0.045000 0.094355 -2.817600 -0.033515 122.852000 -62.852000 -1.000000
62.579000 -0.000102 0.014188 -7.421000 -0.052912 189.145000 -129.145000 1.000000
67.705000 -0.000168 0.139571 -2.295000 0.056041 3.447000 56.553000 1.000000
73.513800 -0.000654 -0.021267 3.513800 -0.047648 67.149000 -7.149000 1.000000
73.999000 -0.000610 -0.202230 3.999000 -0.029089 39.473000 20.527000 1.000000
27.671500 -0.000016 0.354806 -42.328500 0.082821 3.224000 56.776000 1.000000
56.192200 -0.001129 -0.101865 -13.807800 -0.055211 172.926000 -112.926000 1.000000
64.292700 -0.045000 0.145754 -5.707300 0.051253 17.413000 42.587000 -1.000000
41.984300 -0.045000 0.099082 -28.015700 -0.110217 273.669000 -213.669000 -1.000000
65.140800 -0.000463 -0.065748 -4.859200 -0.098651 118.957000 -58.957000 1.000000
72.379200 -0.000166 0.013346 2.379200 -0.019647 58.217000 1.783000 1.000000
12.878200 -0.045000 -3.057360 -57.121800 -0.548502 40.022000 19.978000 -1.000000
26.096900 -0.000202 0.411089 -43.903100 0.086415 13.257000 46.743000 1.000000
61.365300 -0.000353 0.163829 -8.634700 0.064443 3.891000 56.109000 1.000000
71.033500 -0.000802 0.088926 1.033500 0.032071 6.081000 53.919000 1.000000
74.795000 -0.000664 0.110303 4.795000 -0.009692 43.091000 16.909000 1.000000
73.100600 -0.000351 -0.029538 3.100600 0.005396 65.701000 -5.701000 1.000000
60.703000 -0.045000 0.081197 -9.297000 0.037285 23.587000 36.413000 -1.000000
67.298300 -0.045000 0.074622 -2.701700 0.019448 33.908000 26.092000 -1.000000
57.817500 -0.000169 0.145293 -12.182500 0.085431 6.573000 53.427000 1.000000
-24.733600 -0.045000 -0.704422 -94.733600 0.050210 42.885000 17.115000 -1.000000
62.243300 -0.045000 0.066753 -7.756700 0.025619 40.274000 19.726000 -1.000000
49.388900 -0.000242 0.191072 -20.611100 0.077750 2.589000 57.411000 1.000000
56.284100 -0.000047 0.176948 -13.715900 0.075003 2.859000 57.141000 1.000000
55.481400 -0.000623 0.049687 -14.518600 -0.033794 182.653000 -122.653000 1.000000
53.800600 -0.000095 0.179656 -16.199400 0.071742 3.643000 56.357000 1.000000
67.967700 -0.000383 0.091970 -2.032300 -0.100307 150.434000 -90.434000 1.000000
64.746700 -0.000185 0.075887 -5.253300 -0.108058 192.596000 -132.596000 1.000000
70.328300 -0.045000 0.079819 0.328300 -0.034393 94.194000 -34.194000 -1.000000
69.710400 -0.045000 0.109136 -0.289600 -0.029154 26.545000 33.455000 -1.000000
27.035500 -0.000066 0.365682 -42.964500 0.084271 3.586000 56.414000 1.000000
61.947600 -0.000452 0.085646 -8.052400 -0.082435 167.977000 -107.977000 1.000000
65.613100 -0.000193 0.146733 -4.386900 0.075732 3.206000 56.794000 1.000000
50.517500 -0.000167 0.083992 -19.482500 -0.100211 242.859000 -182.859000 1.000000
67.642600 -0.002111 -0.098240 -2.357400 -0.078334 128.752000 -68.752000 1.000000
62.539000 -0.000349 0.157761 -7.461000 0.080671 16.278000 43.722000 1.000000
76.064700 -0.001601 0.059348 6.064700 -0.037421 32.045000 27.955000 1.000000
70.841400 -0.002060 -0.241102 0.841400 -0.056797 114.107000 -54.107000 1.000000
71.715700 -0.000075 0.107690 1.715700 0.054858 4.043000 55.957000 1.000000
37.608300 -0.000042 0.231298 -32.391700 0.074908 3.570000 56.430000 1.000000
49.363400 -0.000454 0.192610 -20.636600 0.074343 14.295000 45.705000 1.000000
50.543800 -0.000155 0.194588 -19.456200 0.073639 3.383000 56.617000 1.000000
73.147100 -0.000676 -0.048395 3.147100 -0.064974 94.031000 -34.031000 1.000000
32.404100 -0.000026 0.293536 -37.595900 0.084930 3.449000 56.551000 1.000000
67.610200 -0.045000 0.103783 -2.389800 -0.049713 87.050000 -27.050000 -1.000000
77.518700 -0.001155 0.110444 7.518700 0.007719 18.786000 41.214000 1.000000
58.759900 -0.000182 0.164439 -11.240100 0.065610 4.064000 55.936000 1.000000
68.397500 -0.000613 0.081397 -1.602500 -0.018831 94.329000 -34.329000 1.000000
53.984600 -0.000801 0.166651 -16.015400 0.051665 3.428000 56.572000 1.000000
74.710000 -0.000687 0.112426 4.710000 -0.032139 56.774000 3.226000 1.000000
65.597800 -0.000853 0.129482 -4.402200 0.024691 20.201000 39.799000 1.000000
75.810600 -0.002050 0.116962 5.810600 0.006073 28.557000 31.443000 1.000000
55.670400 -0.000435 0.180023 -14.329600 0.078535 15.139000 44.861000 1.000000
69.020700 -0.045000 0.099073 -0.979300 -0.069096 73.617000 -13.617000 -1.000000
59.828000 -0.045000 0.146119 -10.172000 0.055706 39.061000 20.939000 -1.000000
73.349400 -0.000776 0.097687 3.349400 -0.034730 55.094000 4.906000 1.000000
73.721100 -0.000204 -0.246748 3.721100 -0.098015 103.807000 -43.807000 1.000000
46.073500 -0.045000 0.087657 -23.926500 -0.102618 265.607000 -205.607000 -1.000000
43.849100 -0.000198 0.220710 -26.150900 0.083870 5.343000 54.657000 1.000000
67.945200 -0.000369 0.109077 -2.054800 -0.017274 81.754000 -21.754000 1.000000
77.753900 -0.000617 0.078120 7.753900 -0.008484 39.862000 20.138000 1.000000
56.235400 -0.000348 0.176449 -13.764600 0.075685 4.988000 55.012000 1.000000
63.943700 -0.045000 0.076258 -6.056300 -0.086370 149.688000 -89.688000 -1.000000
57.465000 -0.000925 0.162531 -12.535000 0.050381 11.124000 48.876000 1.000000
61.976300 -0.000311 0.095281 -8.023700 -0.111288 184.803000 -124.803000 1.000000
47.580500 -0.000076 0.206231 -22.419500 0.082435 3.556000 56.444000 1.000000
60.057900 -0.045000 0.153576 -9.942100 0.057315 36.037000 23.963000 -1.000000
60.334900 -0.045000 0.091951 -9.665100 -0.067776 142.545000 -82.545000 -1.000000
78.049400 -0.000658 0.123093 8.049400 0.022901 21.550000 38.450000 1.000000
69.065800 -0.045000 0.112944 -0.934200 0.001480 65.598000 -5.598000 -1.000000
71.696400 -0.000129 0.094305 1.696400 -0.064378 69.105000 -9.105000 1.000000
69.218400 -0.045000 0.109434 -0.781600 -0.019940 21.528000 38.472000 -1.000000
70.985000 -0.000619 0.061414 0.985000 -0.076881 96.598000 -36.598000 1.000000
63.739000 -0.001083 0.134033 -6.261000 0.030337 10.518000 49.482000 1.000000
25.827800 -0.000331 0.380071 -44.172200 0.073542 1.194000 58.806000 1.000000
56.062400 -0.000108 0.170500 -13.937600 0.069612 2.226000 57.774000 1.000000
60.720500 -0.000121 0.050739 -9.279500 -0.059127 114.141000 -54.141000 1.000000
72.475600 -0.000153 0.033519 2.475600 -0.041453 67.240000 -7.240000 1.000000
63.859400 -0.000493 0.150876 -6.140600 0.066603 5.915000 54.085000 1.000000
71.575600 -0.001397 0.083676 1.575600 -0.097048 49.913000 10.087000 1.000000
65.090600 -0.000270 0.058290 -4.909400 -0.038624 129.882000 -69.882000 1.000000
69.025600 -0.000287 0.139871 -0.974400 0.069313 3.720000 56.280000 1.000000
72.581500 -0.045000 0.066147 2.581500 -0.065494 77.274000 -17.274000 -1.000000
76.858600 -0.000420 0.109067 6.858600 0.051029 4.996000 55.004000 1.000000
74.454300 -0.001613 0.091416 4.454300 -0.044640 35.546000 24.454000 1.000000
65.317500 -0.000144 0.146999 -4.682500 0.054015 2.646000 57.354000 1.000000
68.274300 -0.045000 0.068421 -1.725700 -0.053623 43.304000 16.696000 -1.000000
71.062600 -0.000328 0.035075 1.062600 -0.065662 105.760000 -45.760000 1.000000
71.473600 -0.000640 0.102135 1.473600 0.034890 8.338000 51.662000 1.000000
73.638300 -0.045000 0.104977 3.638300 0.042334 47.497000 12.503000 -1.000000
62.801500 -0.000378 0.058576 -7.198500 -0.018170 151.499000 -91.499000 1.000000
73.111100 -0.001893 0.072617 3.111100 -0.062689 39.342000 20.658000 1.000000
75.479100 -0.001416 0.105037 5.479100 -0.012737 23.142000 36.858000 1.000000
74.957700 -0.001331 0.109519 4.957700 -0.018532 32.549000 27.451000 1.000000
68.759100 -0.000353 -0.385256 -1.240900 -0.103108 102.502000 -42.502000 1.000000
37.294600 -0.045000 0.255653 -32.705400 0.082123 15.622000 44.378000 -1.000000
71.911100 -0.000294 0.013500 1.911100 -0.099758 109.263000 -49.263000 1.000000
49.817100 -0.000258 0.203354 -20.182900 0.081465 4.525000 55.475000 1.000000
73.450200 -0.001192 0.095818 3.450200 0.028295 9.253000 50.747000 1.000000
36.207000 -0.000082 0.262430 -33.793000 0.075586 3.449000 56.551000 1.000000
69.801800 -0.000228 -0.453466 -0.198200 -0.088806 52.612000 7.388000 1.000000
64.223300 -0.002371 0.098757 -5.776700 -0.106926 117.028000 -57.028000 1.000000
71.982800 -0.000281 -0.052471 1.982800 -0.045182 100.065000 -40.065000 1.000000
39.591900 -0.000205 0.242404 -30.408100 0.089891 14.265000 45.735000 1.000000
69.936700 -0.000882 0.009754 -0.063300 0.046469 5.260000 54.740000 1.000000
58.554100 -0.000252 0.169935 -11.445900 0.087510 9.351000 50.649000 1.000000
68.096200 -0.045000 0.077985 -1.903800 -0.066946 46.775000 13.225000 -1.000000
73.235000 -0.000669 0.080052 3.235000 -0.089107 74.291000 -14.291000 1.000000
62.747700 -0.045000 0.105217 -7.252300 -0.016713 145.083000 -85.083000 -1.000000
79.243600 -0.003076 0.090979 9.243600 -0.041619 19.957000 40.043000 1.000000
72.735900 -0.001636 0.125008 2.735900 0.016859 2.669000 57.331000 1.000000
61.502400 -0.045000 0.125777 -8.497600 0.018812 20.334000 39.666000 -1.000000
78.210400 -0.000983 0.095662 8.210400 0.016979 56.154000 3.846000 1.000000
67.019500 -0.000238 0.139537 -2.980500 0.033133 3.172000 56.828000 1.000000
38.572800 -0.000413 0.154312 -31.427200 0.074238 12.585000 47.415000 1.000000
36.235300 -0.045000 -0.171020 -33.764700 -0.110931 315.037000 -255.037000 -1.000000
59.611400 -0.000096 -0.490141 -10.388600 -0.104446 197.055000 -137.055000 1.000000
71.362300 -0.045000 0.105310 1.362300 -0.044827 56.635000 3.365000 -1.000000
78.178600 -0.000197 0.087325 8.178600 -0.060403 85.370000 -25.370000 1.000000
66.535700 -0.045000 0.088957 -3.464300 -0.093394 135.449000 -75.449000 -1.000000
63.790100 -0.000735 0.139091 -6.209900 0.058910 8.969000 51.031000 1.000000
64.527400 -0.000246 0.022620 -5.472600 -0.061391 138.731000 -78.731000 1.000000
68.016200 -0.001210 0.131585 -1.983800 0.005316 42.772000 17.228000 1.000000
72.268200 -0.000597 0.108040 2.268200 -0.052671 90.639000 -30.639000 1.000000
60.979900 -0.000519 0.102544 -9.020100 -0.062340 123.641000 -63.641000 1.000000
68.553200 -0.001122 0.043679 -1.446800 -0.102658 108.729000 -48.729000 1.000000
68.983100 -0.000393 0.086109 -1.016900 -0.061787 66.513000 -6.513000 1.000000
73.524200 -0.045000 0.124442 3.524200 0.072159 5.676000 54.324000 -1.000000
50.578900 -0.000027 0.184627 -19.421100 0.059729 2.661000 57.339000 1.000000
45.589800 -0.000110 0.057999 -24.410200 -0.093960 246.008000 -186.008000 1.000000
-29.243100 -0.045000 -1.103850 -99.243100 -0.014775 57.721000 2.279000 -1.000000
76.318600 -0.000558 0.098673 6.318600 -0.039221 70.347000 -10.347000 1.000000
63.968200 -0.000303 0.153166 -6.031800 0.056490 3.776000 56.224000 1.000000
68.855300 -0.045000 -0.067246 -1.144700 -0.004473 55.196000 4.804000 -1.000000
71.864600 -0.000510 0.124014 1.864600 0.036545 41.157000 18.843000 1.000000
54.174300 -0.000139 0.008816 -15.825700 -0.111145 175.541000 -115.541000 1.000000
71.469300 -0.045000 0.096470 1.469300 -0.076506 87.330000 -27.330000 -1.000000
74.694600 -0.000713 0.040374 4.694600 -0.053137 52.938000 7.062000 1.000000
68.683200 -0.045000 0.138017 -1.316800 0.048917 12.148000 47.852000 -1.000000
67.556500 -0.000119 0.084190 -2.443500 -0.082668 94.962000 -34.962000 1.000000
61.968900 -0.045000 0.125332 -8.031100 0.008352 45.908000 14.092000 -1.000000
67.104200 -0.002394 0.062463 -2.895800 -0.093743 147.333000 -87.333000 1.000000
69.264900 -0.000269 0.122330 -0.735100 0.062319 40.620000 19.380000 1.000000
62.610500 -0.045000 0.045611 -7.389500 -0.047480 184.514000 -124.514000 -1.000000
69.813000 -0.001394 0.102638 -0.187000 0.018415 5.911000 54.089000 1.000000
57.517500 -0.000663 0.171956 -12.482500 0.059358 7.461000 52.539000 1.000000
-95.266700 -0.045000 -0.218193 -165.266700 0.048734 5.182000 54.818000 -1.000000
64.188100 -0.045000 0.102732 -5.811900 0.046806 48.640000 11.360000 -1.000000
63.988100 -0.000318 0.156112 -6.011900 0.075759 5.011000 54.989000 1.000000
70.825900 -0.045000 -0.156114 0.825900 -0.064831 64.673000 -4.673000 -1.000000
62.952100 -0.001018 0.151460 -7.047900 0.040555 5.657000 54.343000 1.000000
63.137300 -0.000558 0.097230 -6.862700 -0.038055 154.399000 -94.399000 1.000000
59.193400 -0.001126 0.131805 -10.806600 0.034425 5.866000 54.134000 1.000000
37.130600 -0.000190 0.277326 -32.869400 0.086362 7.940000 52.060000 1.000000
68.845100 -0.000556 0.104807 -1.154900 0.047313 38.015000 21.985000 1.000000
71.992400 -0.000713 0.096643 1.992400 -0.002178 4.654000 55.346000 1.000000
60.857000 -0.045000 0.152701 -9.143000 0.046385 12.537000 47.463000 -1.000000
60.010800 -0.000446 0.160305 -9.989200 0.062011 4.649000 55.351000 1.000000
52.908100 -0.000282 -0.365466 -17.091900 -0.060624 235.096000 -175.096000 1.000000
69.377900 -0.000235 0.138597 -0.622100 0.065932 2.697000 57.303000 1.000000
74.300200 -0.000441 0.074373 4.300200 -0.034620 76.481000 -16.481000 1.000000
74.999500 -0.000253 0.116985 4.999500 0.020745 2.916000 57.084000 1.000000
77.165100 -0.001166 0.087403 7.165100 -0.000257 40.070000 19.930000 1.000000
62.349100 -0.000206 0.031997 -7.650900 -0.108722 147.972000 -87.972000 1.000000
49.799700 -0.000591 0.169176 -20.200300 0.060007 5.443000 54.557000 1.000000
71.318000 -0.001012 0.073557 1.318000 -0.096804 71.733000 -11.733000 1.000000
77.365700 -0.000880 0.094753 7.365700 -0.046668 53.985000 6.015000 1.000000
68.829500 -0.045000 0.075182 -1.170500 0.021508 26.724000 33.276000 -1.000000
36.127500 -0.000310 0.284747 -33.872500 0.081079 16.162000 43.838000 1.000000
75.317600 -0.001004 -0.093539 5.317600 -0.063150 40.893000 19.107000 1.000000
61.321200 -0.001033 0.032425 -8.678800 0.043050 6.549000 53.451000 1.000000
70.976100 -0.000218 0.085879 0.976100 -0.042635 87.879000 -27.879000 1.000000
68.197600 -0.000429 0.026416 -1.802400 0.000634 37.771000 22.229000 1.000000
53.467100 -0.000198 0.160430 -16.532900 0.087871 5.409000 54.591000 1.000000
34.790400 -0.000270 0.195755 -35.209600 0.083006 7.250000 52.750000 1.000000
72.105700 -0.000434 0.097031 2.105700 -0.085435 63.839000 -3.839000 1.000000
32.312000 -0.000257 0.230914 -37.688000 0.083825 2.161000 57.839000 1.000000
68.702100 -0.002030 0.075233 -1.297900 -0.072254 128.699000 -68.699000 1.000000
74.235800 -0.045000 0.113338 4.235800 -0.007972 16.474000 43.526000 -1.000000
64.348800 -0.000354 0.094912 -5.651200 -0.087681 129.549000 -69.549000 1.000000
69.832200 -0.000862 -0.611020 -0.167800 -0.077168 36.739000 23.261000 1.000000
75.927400 -0.000139 0.109554 5.927400 0.045094 5.405000 54.595000 1.000000
64.132300 -0.000125 -0.121474 -5.867700 -0.107523 158.676000 -98.676000 1.000000
58.990500 -0.000738 0.145192 -11.009500 0.051791 5.602000 54.398000 1.000000
73.489600 -0.001502 0.044674 3.489600 -0.090699 36.693000 23.307000 1.000000
46.473700 -0.045000 0.168091 -23.526300 0.065964 16.235000 43.765000 -1.000000
59.492900 -0.045000 0.103771 -10.507100 -0.056429 148.359000 -88.359000 -1.000000
48.350200 -0.000342 0.174517 -21.649800 0.079818 4.202000 55.798000 1.000000
59.283600 -0.000699 0.142215 -10.716400 0.052901 8.609000 51.391000 1.000000
63.122500 -0.045000 -0.180468 -6.877500 -0.007832 16.120000 43.880000 -1.000000
66.464600 -0.000668 0.116449 -3.535400 -0.012234 78.266000 -18.266000 1.000000
75.925900 -0.002038 0.073996 5.925900 -0.053971 19.556000 40.444000 1.000000
44.068600 -0.045000 0.023845 -25.931400 -0.126352 292.127000 -232.127000 -1.000000
38.029000 -0.045000 -0.019713 -31.971000 -0.131663 367.286000 -307.286000 -1.000000
60.261100 -0.000526 0.055837 -9.738900 -0.074339 139.559000 -79.559000 1.000000
52.668400 -0.000250 0.183073 -17.331600 0.074873 4.219000 55.781000 1.000000
67.835500 -0.000712 0.143232 -2.164500 0.065865 7.181000 52.819000 1.000000
61.867500 -0.000281 0.163429 -8.132500 0.069189 3.615000 56.385000 1.000000
62.755100 -0.045000 0.144211 -7.244900 0.049215 12.486000 47.514000 -1.000000
69.410200 -0.000438 0.103570 -0.589800 -0.005935 88.846000 -28.846000 1.000000
75.472900 -0.000101 0.105353 5.472900 0.027469 3.145000 56.855000 1.000000
73.825500 -0.045000 0.057448 3.825500 -0.079813 108.770000 -48.770000 -1.000000
58.818400 -0.045000 0.082442 -11.181600 -0.084248 211.584000 -151.584000 -1.000000
80.217400 -0.000146 0.060415 10.217400 -0.029240 72.647000 -12.647000 1.000000
76.498800 -0.001970 0.096975 6.498800 -0.057382 56.338000 3.662000 1.000000
64.118900 -0.000170 0.146659 -5.881100 0.047761 2.071000 57.929000 1.000000
57.723400 -0.000066 0.138201 -12.276600 0.075937 2.371000 57.629000 1.000000
71.518200 -0.000165 0.131631 1.518200 0.052996 3.596000 56.404000 1.000000
62.482700 -0.000032 -0.528301 -7.517300 -0.047497 121.771000 -61.771000 1.000000
72.699400 -0.000506 0.137722 2.699400 0.073527 15.627000 44.373000 1.000000
73.951500 -0.001252 0.101560 3.951500 0.013792 7.351000 52.649000 1.000000
55.145500 -0.045000 0.132262 -14.854500 0.051192 19.393000 40.607000 -1.000000
69.962600 -0.045000 0.122148 -0.037400 0.025155 10.889000 49.111000 -1.000000
67.461000 -0.000812 0.095871 -2.539000 -0.095645 127.314000 -67.314000 1.000000
72.865700 -0.000436 0.073120 2.865700 -0.064903 77.351000 -17.351000 1.000000
73.566000 -0.045000 0.065422 3.566000 -0.046682 82.335000 -22.335000 -1.000000
66.262000 -0.000675 0.071412 -3.738000 -0.014581 124.491000 -64.491000 1.000000
79.412800 -0.000996 0.108832 9.412800 0.046002 20.392000 39.608000 1.000000
45.017100 -0.000316 0.077139 -24.982900 -0.104828 284.564000 -224.564000 1.000000
41.432800 -0.045000 0.089956 -28.567200 -0.098485 336.666000 -276.666000 -1.000000
80.737700 -0.000992 0.099556 10.737700 0.041121 10.681000 49.319000 1.000000
46.152500 -0.000173 0.158518 -23.847500 0.071856 5.443000 54.557000 1.000000
75.454000 -0.000931 0.036547 5.454000 -0.047051 69.496000 -9.496000 1.000000
60.721300 -0.000101 -0.309212 -9.278700 -0.084747 204.823000 -144.823000 1.000000
71.298400 -0.045000 0.099272 1.298400 -0.030672 43.979000 16.021000 -1.000000
27.815900 -0.000239 0.317551 -42.184100 0.082366 -4.849000 64.849000 1.000000
62.981700 -0.000383 0.152892 -7.018300 0.063592 2.925000 57.075000 1.000000
68.462700 -0.045000 0.028613 -1.537300 -0.084322 74.954000 -14.954000 -1.000000
76.524700 -0.000522 0.106531 6.524700 -0.017119 70.397000 -10.397000 1.000000
30.336300 -0.000029 0.318033 -39.663700 0.085600 3.580000 56.420000 1.000000
66.194500 -0.000828 0.084683 -3.805500 -0.078963 68.634000 -8.634000 1.000000
59.144200 -0.000138 -0.057755 -10.855800 -0.059573 195.621000 -135.621000 1.000000
53.878400 -0.000666 0.155743 -16.121600 0.060240 6.359000 53.641000 1.000000
62.923200 -0.000592 0.161286 -7.076800 0.069351 8.837000 51.163000 1.000000
64.975100 -0.000650 0.131522 -5.024900 0.058472 8.520000 51.480000 1.000000
55.692400 -0.000373 0.049449 -14.307600 -0.076018 248.552000 -188.552000 1.000000
72.248100 -0.000168 0.120218 2.248100 0.028868 62.641000 -2.641000 1.000000
73.250200 -0.001905 0.083117 3.250200 -0.049312 30.021000 29.979000 1.000000
66.850100 -0.045000 0.088621 -3.149900 -0.023077 71.580000 -11.580000 -1.000000
69.878800 -0.000913 0.097904 -0.121200 0.009224 72.886000 -12.886000 1.000000
74.535700 -0.000456 0.061768 4.535700 -0.049431 98.338000 -38.338000 1.000000
73.802900 -0.000755 0.097495 3.802900 -0.023302 52.715000 7.285000 1.000000
82.030200 -0.000360 0.090243 12.030200 0.010415 3.699000 56.301000 1.000000
76.601600 -0.001378 0.100153 6.601600 -0.004813 21.595000 38.405000 1.000000
76.692400 -0.001383 0.031495 6.692400 -0.022096 55.446000 4.554000 1.000000
49.302100 -0.045000 0.195750 -20.697900 0.059734 12.437000 47.563000 -1.000000
74.971900 -0.000681 0.104576 4.971900 -0.034307 68.748000 -8.748000 1.000000
75.473700 -0.000499 0.104924 5.473700 -0.041477 42.106000 17.894000 1.000000
77.286400 -0.000672 0.014078 7.286400 -0.010350 43.578000 16.422000 1.000000
72.116000 -0.045000 0.014173 2.116000 -0.019251 35.827000 24.173000 -1.000000
41.353400 -0.000031 0.240933 -28.646600 0.091376 4.226000 55.774000 1.000000
41.618800 -0.045000 -2.764620 -28.381200 -0.393023 13.514000 46.486000 -1.000000
71.864300 -0.000810 0.023064 1.864300 -0.086870 78.714000 -18.714000 1.000000
50.577400 -0.000016 0.186004 -19.422600 0.078476 3.016000 56.984000 1.000000
62.989700 -0.000528 0.155838 -7.010300 0.074823 9.352000 50.648000 1.000000
58.663900 -0.045000 0.032032 -11.336100 0.047284 11.008000 48.992000 -1.000000
69.591000 -0.000413 -0.263266 -0.409000 -0.028121 119.984000 -59.984000 1.000000
74.731600 -0.000305 0.120176 4.731600 0.039156 3.383000 56.617000 1.000000
48.628800 -0.000345 0.095128 -21.371200 -0.085794 245.016000 -185.016000 1.000000
63.887300 -0.000620 0.149601 -6.112700 0.038872 2.307000 57.693000 1.000000
69.411900 -0.000047 0.134563 -0.588100 0.073635 2.812000 57.188000 1.000000
77.231700 -0.002012 0.099188 7.231700 -0.013461 32.306000 27.694000 1.000000
73.753800 -0.001370 0.116527 3.753800 0.017454 8.774000 51.226000 1.000000
62.199400 -0.000341 0.097753 -7.800600 -0.080600 180.971000 -120.971000 1.000000
41.044800 -0.000292 0.235994 -28.955200 0.079069 2.273000 57.727000 1.000000
71.900800 -0.000872 0.118787 1.900800 -0.012023 49.370000 10.630000 1.000000
69.461100 -0.000345 0.099138 -0.538900 0.023191 6.142000 53.858000 1.000000
70.274600 -0.000359 0.039124 0.274600 -0.103451 100.289000 -40.289000 1.000000
39.935400 -0.000086 0.253774 -30.064600 0.080000 4.463000 55.537000 1.000000
67.670100 -0.045000 0.065751 -2.329900 0.006607 44.959000 15.041000 -1.000000
60.858200 -0.045000 0.096104 -9.141800 -0.085949 201.269000 -141.269000 -1.000000
68.814900 -0.000639 0.098672 -1.185100 -0.023872 81.434000 -21.434000 1.000000
68.680400 -0.000085 -0.050237 -1.319600 0.005834 95.948000 -35.948000 1.000000
54.201800 -0.000227 0.178841 -15.798200 0.066058 3.033000 56.967000 1.000000
74.057200 -0.045000 0.094583 4.057200 -0.050956 58.968000 1.032000 -1.000000
64.284700 -0.000324 0.151855 -5.715300 0.072434 4.081000 55.919000 1.000000
76.927300 -0.000745 0.077109 6.927300 -0.043548 44.135000 15.865000 1.000000
69.991100 -0.045000 0.084122 -0.008900 -0.052019 142.752000 -82.752000 -1.000000
-5.088510 -0.045000 -2.660280 -75.088510 -0.206674 5.543000 54.457000 -1.000000
73.410000 -0.000438 -0.036385 3.410000 -0.070164 39.965000 20.035000 1.000000
50.953300 -0.000029 0.170267 -19.046700 0.069124 2.853000 57.147000 1.000000
69.152500 -0.001908 0.093137 -0.847500 -0.058752 91.437000 -31.437000 1.000000
38.639400 -0.000040 0.252194 -31.360600 0.090015 3.703000 56.297000 1.000000
67.619200 -0.045000 0.078684 -2.380800 -0.079685 146.648000 -86.648000 -1.000000
28.843600 -0.000027 0.327249 -41.156400 0.086274 3.476000 56.524000 1.000000
32.647700 -0.000026 0.297790 -37.352300 0.088426 3.799000 56.201000 1.000000
68.484400 -0.000320 0.122484 -1.515600 0.070484 5.106000 54.894000 1.000000
21.150300 -0.045000 0.285701 -48.849700 0.064002 -6.392000 66.392000 -1.000000
69.224200 -0.045000 0.096180 -0.775800 -0.075098 51.522000 8.478000 -1.000000
62.845700 -0.000023 0.143313 -7.154300 0.027411 2.399000 57.601000 1.000000
38.750500 -0.000019 0.233257 -31.249500 0.068274 2.268000 57.732000 1.000000
64.748600 -0.000202 0.146490 -5.251400 0.040993 3.368000 56.632000 1.000000
46.290000 -0.000344 0.197174 -23.710000 0.075824 10.648000 49.352000 1.000000
74.826400 -0.018000 -0.091965 4.826400 -0.023848 74.627000 -14.627000 -1.000000
64.057400 -0.000474 0.104850 -5.942600 -0.028700 128.894000 -68.894000 1.000000
75.529800 -0.000453 -0.038391 5.529800 -0.034394 92.875000 -32.875000 1.000000
59.694100 -0.001469 -0.098373 -10.305900 -0.079821 200.623000 -140.623000 1.000000
70.725900 -0.000355 0.091939 0.725900 0.007101 72.588000 -12.588000 1.000000
69.251200 -0.000790 0.096592 -0.748800 -0.046677 70.823000 -10.823000 1.000000
71.986800 -0.000359 0.081998 1.986800 -0.050371 69.051000 -9.051000 1.000000
73.761800 -0.000706 0.075873 3.761800 -0.006762 54.870000 5.130000 1.000000
75.176600 -0.000121 0.087083 5.176600 -0.039840 112.501000 -52.501000 1.000000
74.249300 -0.045000 0.096508 4.249300 0.004921 37.362000 22.638000 -1.000000
50.760100 -0.045000 -0.004216 -19.239900 -0.060347 151.678000 -91.678000 -1.000000
64.194600 -0.000547 0.147079 -5.805400 0.058512 6.260000 53.740000 1.000000
78.340300 -0.001686 0.023870 8.340300 -0.002661 7.089000 52.911000 1.000000
49.749400 -0.000323 0.194631 -20.250600 0.080011 6.374000 53.626000 1.000000
72.452200 -0.000382 0.126687 2.452200 0.054745 4.644000 55.356000 1.000000
63.459600 -0.000076 0.153245 -6.540400 0.075120 3.170000 56.830000 1.000000
10.715800 -0.045000 -2.132600 -59.284200 -0.288811 77.127000 -17.127000 -1.000000
70.414200 -0.000906 0.101216 0.414200 0.001785 83.739000 -23.739000 1.000000
67.011000 -0.000350 0.082947 -2.989000 -0.103564 105.993000 -45.993000 1.000000
65.586100 -0.045000 0.130622 -4.413900 0.037866 15.673000 44.327000 -1.000000
50.827900 -0.001770 0.114405 -19.172100 -0.068733 191.289000 -131.289000 1.000000
70.547600 -0.001613 0.091435 0.547600 -0.026156 35.016000 24.984000 1.000000
75.304100 -0.001468 0.057461 5.304100 -0.073668 88.058000 -28.058000 1.000000
52.230500 -0.000873 0.186875 -17.769500 0.050200 11.322000 48.678000 1.000000
73.245500 -0.000164 -0.215243 3.245500 -0.080898 117.666000 -57.666000 1.000000
47.146600 -0.000352 0.185999 -22.853400 0.082817 0.904000 59.096000 1.000000
72.152900 -0.001511 0.060245 2.152900 -0.108015 82.627000 -22.627000 1.000000
66.662200 -0.000053 0.134510 -3.337800 0.029535 2.952000 57.048000 1.000000
70.311500 -0.000804 0.120640 0.311500 0.026884 37.945000 22.055000 1.000000
67.591700 -0.045000 0.063678 -2.408300 -0.006057 19.761000 40.239000 -1.000000
54.498100 -0.000320 0.147067 -15.501900 0.030566 96.576000 -36.576000 1.000000
72.553600 -0.045000 0.036097 2.553600 -0.044907 86.131000 -26.131000 -1.000000
70.460300 -0.000193 -0.056653 0.460300 -0.060001 94.193000 -34.193000 1.000000
69.152900 -0.001304 0.109961 -0.847100 -0.036325 42.326000 17.674000 1.000000
71.699400 -0.000360 0.053463 1.699400 -0.070011 130.565000 -70.565000 1.000000
63.991200 -0.045000 0.061773 -6.008800 -0.059330 99.958000 -39.958000 -1.000000
71.323000 -0.000939 0.039292 1.323000 -0.051097 50.363000 9.637000 1.000000
66.327400 -0.001394 0.086680 -3.672600 -0.015904 61.123000 -1.123000 1.000000
73.254300 -0.045000 0.102089 3.254300 -0.026906 77.299000 -17.299000 -1.000000
51.381100 -0.000168 0.191858 -18.618900 0.092834 10.483000 49.517000 1.000000
70.191900 -0.000071 0.131215 0.191900 0.044199 2.834000 57.166000 1.000000
71.383900 -0.000744 -0.189050 1.383900 -0.008998 61.296000 -1.296000 1.000000
55.775500 -0.000146 0.041294 -14.224500 -0.085974 255.674000 -195.674000 1.000000
74.079300 -0.000567 0.061618 4.079300 0.005380 74.108000 -14.108000 1.000000
75.856700 -0.001261 0.103534 5.856700 -0.002034 39.192000 20.808000 1.000000
73.154700 -0.000173 -0.265749 3.154700 -0.054121 118.725000 -58.725000 1.000000
61.125800 -0.045000 0.168046 -8.874200 0.057597 23.768000 36.232000 -1.000000
36.269900 -0.000010 0.235723 -33.730100 0.084086 3.229000 56.771000 1.000000
47.823100 -0.000262 0.211776 -22.176900 0.081631 3.896000 56.104000 1.000000
72.675900 -0.000356 0.086435 2.675900 -0.050601 117.330000 -57.330000 1.000000
67.806900 -0.045000 -0.026168 -2.193100 -0.059698 82.963000 -22.963000 -1.000000
78.002200 -0.018000 0.076880 8.002200 -0.037983 25.660000 34.340000 -1.000000
73.819600 -0.000486 0.005125 3.819600 -0.011796 88.208000 -28.208000 1.000000
68.809200 -0.045000 0.078152 -1.190800 -0.011115 60.893000 -0.893000 -1.000000
48.606000 -0.000122 0.071205 -21.394000 -0.069518 261.586000 -201.586000 1.000000
69.400300 -0.000197 0.094105 -0.599700 -0.096999 133.571000 -73.571000 1.000000
71.932900 -0.045000 0.125766 1.932900 0.040441 15.350000 44.650000 -1.000000
4.384250 -0.045000 0.203056 -65.615750 -0.195939 44.412000 15.588000 -1.000000
68.068700 -0.000305 -0.043627 -1.931300 -0.096005 96.965000 -36.965000 1.000000
65.741700 -0.045000 0.104544 -4.258300 -0.052423 73.749000 -13.749000 -1.000000
74.236100 -0.002018 0.053564 4.236100 -0.039943 29.495000 30.505000 1.000000
74.585600 -0.001495 0.091909 4.585600 -0.022413 37.171000 22.829000 1.000000
66.539900 -0.000072 0.072031 -3.460100 0.035701 3.112000 56.888000 1.000000
61.305500 -0.045000 0.134992 -8.694500 -0.000100 15.712000 44.288000 -1.000000
57.003200 -0.000530 0.143496 -12.996800 0.069708 9.492000 50.508000 1.000000
58.579600 -0.045000 -0.098099 -11.420400 -0.085119 116.887000 -56.887000 -1.000000
72.976100 -0.000695 0.077679 2.976100 -0.099356 100.224000 -40.224000 1.000000
81.421500 -0.000230 0.113150 11.421500 0.047274 4.139000 55.861000 1.000000
55.629400 -0.045000 0.024700 -14.370600 -0.088307 213.401000 -153.401000 -1.000000
33.581400 -0.045000 -0.400938 -36.418600 -0.116633 388.143000 -328.143000 -1.000000
57.595100 -0.000484 0.107455 -12.404900 -0.025964 123.520000 -63.520000 1.000000
70.589100 -0.001282 0.106658 0.589100 -0.010958 24.148000 35.852000 1.000000
72.747500 -0.001023 -0.407331 2.747500 -0.100350 61.682000 -1.682000 1.000000
71.873100 -0.000685 0.112203 1.873100 -0.055353 73.493000 -13.493000 1.000000
65.777300 -0.045000 0.046427 -4.222700 -0.083846 133.062000 -73.062000 -1.000000
72.914600 -0.001066 -0.002385 2.914600 -0.005535 47.722000 12.278000 1.000000
69.055300 -0.045000 0.127293 -0.944700 0.043110 20.183000 39.817000 -1.000000
53.275100 -0.045000 0.094920 -16.724900 -0.022643 141.697000 -81.697000 -1.000000
65.794400 -0.000221 0.141028 -4.205600 0.024592 2.742000 57.258000 1.000000
43.968300 -0.045000 0.042529 -26.031700 -0.091857 301.277000 -241.277000 -1.000000
75.849200 -0.002345 0.099334 5.849200 0.010608 12.057000 47.943000 1.000000
47.131800 -0.045000 0.180289 -22.868200 0.051518 17.260000 42.740000 -1.000000
72.461500 -0.045000 0.057228 2.461500 -0.082640 46.220000 13.780000 -1.000000
62.097600 -0.000661 0.147561 -7.902400 0.061836 11.508000 48.492000 1.000000
73.481800 -0.000517 0.065219 3.481800 -0.090117 39.094000 20.906000 1.000000
53.448400 -0.000702 0.067447 -16.551600 0.053428 9.053000 50.947000 1.000000
71.212800 -0.000452 -0.020609 1.212800 -0.101047 120.855000 -60.855000 1.000000
61.087500 -0.000080 0.149170 -8.912500 0.025044 2.881000 57.119000 1.000000
69.444000 -0.045000 0.065406 -0.556000 -0.077922 91.737000 -31.737000 -1.000000
72.737400 -0.045000 0.078883 2.737400 -0.021871 17.779000 42.221000 -1.000000
55.870200 -0.000329 0.187565 -14.129800 0.084318 15.379000 44.621000 1.000000
61.490100 -0.000342 0.127509 -8.509900 0.056125 4.653000 55.347000 1.000000
45.234100 -0.000208 0.169683 -24.765900 0.075763 -3.583000 63.583000 1.000000
70.248700 -0.000285 0.091336 0.248700 -0.006487 74.833000 -14.833000 1.000000
74.505700 -0.001496 0.040481 4.505700 -0.027824 51.832000 8.168000 1.000000
71.951900 -0.045000 0.109817 1.951900 -0.027458 26.673000 33.327000 -1.000000
69.604100 -0.000329 0.105234 -0.395900 -0.008458 116.467000 -56.467000 1.000000
60.935500 -0.000321 0.042759 -9.064500 -0.081866 169.928000 -109.928000 1.000000
65.177100 -0.000724 0.021609 -4.822900 -0.059771 32.085000 27.915000 1.000000
73.203300 -0.045000 0.132599 3.203300 0.058925 16.168000 43.832000 -1.000000
33.662500 -0.045000 0.255717 -36.337500 0.066603 -1.090000 61.090000 -1.000000
57.005000 -0.045000 0.152076 -12.995000 0.046859 14.577000 45.423000 -1.000000
56.640200 -0.000235 0.023833 -13.359800 -0.111919 216.965000 -156.965000 1.000000
35.144000 -0.045000 -6.142860 -34.856000 -0.558892 40.506000 19.494000 -1.000000
53.783800 -0.000676 0.183066 -16.216200 0.066962 11.067000 48.933000 1.000000
70.685900 -0.000508 0.102583 0.685900 -0.015039 105.001000 -45.001000 1.000000
70.467900 -0.000342 0.110421 0.467900 -0.033935 83.992000 -23.992000 1.000000
71.398400 -0.045000 0.100894 1.398400 0.043363 36.569000 23.431000 -1.000000
67.207700 -0.000994 0.112290 -2.792300 0.005050 55.279000 4.721000 1.000000
75.864000 -0.000998 0.114819 5.864000 0.037093 41.297000 18.703000 1.000000
63.918700 -0.045000 0.123174 -6.081300 0.014147 21.173000 38.827000 -1.000000
69.299300 -0.000772 0.057624 -0.700700 -0.016325 83.020000 -23.020000 1.000000
73.361300 -0.000090 -0.002788 3.361300 0.044274 4.088000 55.912000 1.000000
61.540500 -0.000818 0.129826 -8.459500 0.025335 55.261000 4.739000 1.000000
79.968600 -0.001091 0.105087 9.968600 0.001812 38.516000 21.484000 1.000000
61.382400 -0.045000 -0.015157 -8.617600 -0.080873 138.418000 -78.418000 -1.000000
70.537200 -0.000973 0.093039 0.537200 0.034209 5.016000 54.984000 1.000000
35.967700 -0.000033 0.274803 -34.032300 0.081665 3.256000 56.744000 1.000000
71.180200 -0.000244 -0.006147 1.180200 -0.015348 66.060000 -6.060000 1.000000
69.859800 -0.001947 0.008603 -0.140200 -0.056439 82.080000 -22.080000 1.000000
63.985600 -0.000797 0.104378 -6.014400 -0.033744 65.786000 -5.786000 1.000000
72.176400 -0.000180 0.063176 2.176400 -0.047853 96.613000 -36.613000 1.000000
59.386000 -0.045000 0.093637 -10.614000 0.031686 30.398000 29.602000 -1.000000
33.499700 -0.000058 0.294272 -36.500300 0.080472 4.616000 55.384000 1.000000
45.117400 -0.000526 0.217422 -24.882600 0.069148 9.397000 50.603000 1.000000
69.549300 -0.000651 0.062467 -0.450700 -0.053689 68.282000 -8.282000 1.000000
62.226100 -0.000158 0.148685 -7.773900 0.026654 3.168000 56.832000 1.000000
-42.606200 -0.045000 -1.979040 -112.606200 -0.492609 78.816000 -18.816000 -1.000000
68.161600 -0.000239 0.101345 -1.838400 0.010482 3.252000 56.748000 1.000000
68.279200 -0.000936 0.045853 -1.720800 0.033607 4.735000 55.265000 1.000000
59.653100 -0.000415 0.154482 -10.346900 0.071947 12.762000 47.238000 1.000000
40.640100 -0.000215 0.252912 -29.359900 0.076245 4.535000 55.465000 1.000000
-68.973200 -0.045000 -2.196920 -138.973200 -0.286155 49.042000 10.958000 -1.000000
60.777600 -0.045000 0.077394 -9.222400 -0.089916 139.712000 -79.712000 -1.000000
73.436900 -0.001297 0.051432 3.436900 0.010683 6.033000 53.967000 1.000000
41.933200 -0.000188 0.240577 -28.066800 0.064471 3.632000 56.368000 1.000000
68.449700 -0.045000 -0.018519 -1.550300 -0.074179 84.717000 -24.717000 -1.000000
80.877300 -0.000238 0.113256 10.877300 0.041433 2.837000 57.163000 1.000000
71.275700 -0.000228 -0.019442 1.275700 -0.104544 77.793000 -17.793000 1.000000
75.843300 -0.000311 0.105456 5.843300 0.005466 71.151000 -11.151000 1.000000
60.859400 -0.000228 0.161953 -9.140600 0.067490 2.641000 57.359000 1.000000
60.869300 -0.045000 0.095172 -9.130700 -0.073092 182.848000 -122.848000 -1.000000
68.094900 -0.045000 0.070017 -1.905100 -0.063759 109.792000 -49.792000 -1.000000
54.808600 -0.000084 0.176507 -15.191400 0.079353 2.573000 57.427000 1.000000
29.773100 -0.000094 0.337284 -40.226900 0.087870 5.592000 54.408000 1.000000
70.707200 -0.000678 0.139282 0.707200 0.063502 6.672000 53.328000 1.000000
48.671500 -0.000372 0.193303 -21.328500 0.058283 4.521000 55.479000 1.000000
55.495800 -0.000195 0.056671 -14.504200 -0.114955 196.227000 -136.227000 1.000000
67.545100 -0.000165 0.048575 -2.454900 -0.102979 149.351000 -89.351000 1.000000
64.427600 -0.000182 0.109003 -5.572400 0.020474 66.456000 -6.456000 1.000000
69.933600 -0.000273 0.077415 -0.066400 -0.043849 104.352000 -44.352000 1.000000
72.117500 -0.000618 -0.189268 2.117500 -0.061336 54.906000 5.094000 1.000000
74.457700 -0.045000 0.118797 4.457700 0.021145 34.427000 25.573000 -1.000000
64.972600 -0.000279 0.070947 -5.027400 -0.090807 146.029000 -86.029000 1.000000
68.778700 -0.000522 0.114718 -1.221300 -0.005161 100.032000 -40.032000 1.000000
58.424000 -0.000399 -0.368147 -11.576000 -0.058167 191.791000 -131.791000 1.000000
66.561100 -0.000210 0.055839 -3.438900 -0.097331 96.179000 -36.179000 1.000000
72.529300 -0.045000 0.028945 2.529300 -0.081337 128.513000 -68.513000 -1.000000
73.231000 -0.000412 0.121397 3.231000 0.039975 3.799000 56.201000 1.000000
66.622100 -0.001172 -0.038675 -3.377900 0.026206 7.428000 52.572000 1.000000
33.409900 -0.045000 0.053311 -36.590100 -0.139171 407.098000 -347.098000 -1.000000
48.633400 -0.000056 0.043458 -21.366600 -0.079809 259.593000 -199.593000 1.000000
68.876000 -0.000720 -0.010682 -1.124000 -0.088843 78.086000 -18.086000 1.000000
78.184700 -0.000204 0.101637 8.184700 0.032359 61.666000 -1.666000 1.000000
67.176500 -0.001134 0.099173 -2.823500 0.018747 8.715000 51.285000 1.000000
54.133100 -0.045000 -1.803060 -15.866900 -0.315737 38.294000 21.706000 -1.000000
60.605700 -0.000113 0.150286 -9.394300 0.040103 2.221000 57.779000 1.000000
65.578600 -0.000331 0.095864 -4.421400 -0.060074 155.951000 -95.951000 1.000000
69.536900 -0.000295 0.066949 -0.463100 -0.108934 124.842000 -64.842000 1.000000
70.297500 -0.000132 -0.454764 0.297500 -0.078350 148.852000 -88.852000 1.000000
64.948700 -0.000368 -0.190203 -5.051300 -0.072173 144.952000 -84.952000 1.000000
47.542200 -0.000385 0.216216 -22.457800 0.078350 8.801000 51.199000 1.000000
67.912100 -0.000090 0.130659 -2.087900 0.079547 4.491000 55.509000 1.000000
63.034700 -0.000272 0.040190 -6.965300 -0.019969 170.242000 -110.242000 1.000000
66.614600 -0.000145 0.002107 -3.385400 -0.068765 85.903000 -25.903000 1.000000
73.976000 -0.001373 0.103326 3.976000 -0.019066 103.882000 -43.882000 1.000000
69.430000 -0.000489 0.080789 -0.570000 -0.100149 104.723000 -44.723000 1.000000
42.708500 -0.045000 0.076358 -27.291500 -0.125691 320.115000 -260.115000 -1.000000
77.311400 -0.001760 0.084491 7.311400 -0.021602 25.932000 34.068000 1.000000
61.481200 -0.045000 0.025208 -8.518800 -0.036268 160.420000 -100.420000 -1.000000
71.772100 -0.001956 -0.142448 1.772100 -0.051015 61.316000 -1.316000 1.000000
35.126100 -0.000336 0.262480 -34.873900 0.078230 4.639000 55.361000 1.000000
74.946200 -0.000447 0.099168 4.946200 0.003349 46.747000 13.253000 1.000000
69.839200 -0.000870 0.045217 -0.160800 0.026117 48.217000 11.783000 1.000000
66.928900 -0.001545 0.111823 -3.071100 -0.053271 120.140000 -60.140000 1.000000
47.815300 -0.000329 0.210399 -22.184700 0.081274 13.647000 46.353000 1.000000
56.433900 -0.000539 0.180426 -13.566100 0.070648 13.303000 46.697000 1.000000
64.426800 -0.045000 0.125892 -5.573200 0.011595 61.312000 -1.312000 -1.000000
65.743200 -0.000378 0.097831 -4.256800 -0.091879 81.562000 -21.562000 1.000000
71.541600 -0.045000 0.085626 1.541600 -0.023486 25.413000 34.587000 -1.000000
54.244700 -0.000297 0.180510 -15.755300 0.083043 19.312000 40.688000 1.000000
42.560600 -0.000057 0.210867 -27.439400 0.075627 3.093000 56.907000 1.000000
74.118500 -0.000721 0.074929 4.118500 -0.015615 75.751000 -15.751000 1.000000
69.983500 -0.045000 0.073815 -0.016500 0.008170 36.464000 23.536000 -1.000000
67.578300 -0.002237 0.065647 -2.421700 -0.023947 7.480000 52.520000 1.000000
60.731200 -0.000903 0.100937 -9.268800 -0.056809 163.625000 -103.625000 1.000000
40.215200 -0.000260 0.249249 -29.784800 0.084127 6.839000 53.161000 1.000000
58.513800 -0.000475 0.176184 -11.486200 0.076442 10.000000 50.000000 1.000000
77.354900 -0.001391 0.092391 7.354900 -0.024026 83.984000 -23.984000 1.000000
51.333100 -0.000708 0.187404 -18.666900 0.062841 8.092000 51.908000 1.000000
51.639900 -0.000318 0.069376 -18.360100 -0.059789 219.686000 -159.686000 1.000000
59.857400 -0.045000 0.072814 -10.142600 -0.106500 138.467000 -78.467000 -1.000000
78.723700 -0.000433 0.073777 8.723700 0.019776 3.604000 56.396000 1.000000
50.658900 -0.000202 0.199671 -19.341100 0.081870 4.526000 55.474000 1.000000
67.205800 -0.000814 0.103865 -2.794200 0.044617 4.544000 55.456000 1.000000
71.064000 -0.045000 -0.060305 1.064000 -0.051893 89.854000 -29.854000 -1.000000
67.810500 -0.000259 0.132063 -2.189500 0.045064 3.813000 56.187000 1.000000
67.939200 -0.000571 -0.012502 -2.060800 -0.069846 58.009000 1.991000 1.000000
76.448100 -0.001200 0.056684 6.448100 0.032279 6.817000 53.183000 1.000000
67.362800 -0.000251 0.083199 -2.637200 -0.096149 105.762000 -45.762000 1.000000
49.739200 -0.045000 -0.279981 -20.260800 -0.009316 -1.924000 61.924000 -1.000000
65.812300 -0.000722 0.133386 -4.187700 0.041745 44.102000 15.898000 1.000000
127.416000 -0.045000 0.028467 57.416000 0.041073 44.935000 15.065000 -1.000000
57.879300 -0.045000 0.109339 -12.120700 -0.042931 175.440000 -115.440000 -1.000000
70.088900 -0.045000 0.086148 0.088900 -0.072899 127.900000 -67.900000 -1.000000
72.664700 -0.000400 0.136895 2.664700 0.076067 8.207000 51.793000 1.000000
55.043500 -0.045000 0.159684 -14.956500 0.069272 15.726000 44.274000 -1.000000
49.389700 -0.000555 0.124163 -20.610300 0.067919 10.524000 49.476000 1.000000
-51.932000 -0.045000 -0.231631 -121.932000 0.052523 12.247000 47.753000 -1.000000
64.512200 -0.000526 0.046548 -5.487800 -0.052564 79.357000 -19.357000 1.000000
60.234000 -0.045000 0.096750 -9.766000 -0.042801 182.318000 -122.318000 -1.000000
72.047300 -0.001460 0.049307 2.047300 -0.013833 45.958000 14.042000 1.000000
74.966800 -0.000098 -0.221987 4.966800 -0.070301 93.244000 -33.244000 1.000000
63.693600 -0.001057 0.135160 -6.306400 0.010803 67.295000 -7.295000 1.000000
67.915000 -0.000288 0.143362 -2.085000 0.056704 3.861000 56.139000 1.000000
60.937300 -0.000106 0.055096 -9.062700 -0.034488 134.213000 -74.213000 1.000000
75.449700 -0.000785 0.080904 5.449700 -0.037364 69.528000 -9.528000 1.000000
74.607800 -0.045000 0.062333 4.607800 -0.018686 107.395000 -47.395000 -1.000000
72.670600 -0.000617 0.053850 2.670600 -0.106826 92.283000 -32.283000 1.000000
71.917800 -0.001920 -0.022233 1.917800 -0.072406 74.846000 -14.846000 1.000000
-38.542400 -0.045000 -3.471900 -108.542400 -0.470119 56.673000 3.327000 -1.000000
73.646000 -0.001574 0.086190 3.646000 -0.079006 103.893000 -43.893000 1.000000
67.438400 -0.000518 0.093164 -2.561600 -0.074269 105.583000 -45.583000 1.000000
72.681000 -0.000819 0.092346 2.681000 0.000448 38.418000 21.582000 1.000000
71.687000 -0.045000 0.076637 1.687000 0.026072 35.340000 24.660000 -1.000000
48.911300 -0.045000 0.101171 -21.088700 0.077645 3.513000 56.487000 -1.000000
30.203100 -0.045000 0.067818 -39.796900 -0.153042 385.092000 -325.092000 -1.000000
57.389400 -0.000198 0.101218 -12.610600 -0.032874 208.573000 -148.573000 1.000000
62.534100 -0.045000 0.135381 -7.465900 0.050913 22.531000 37.469000 -1.000000
75.203000 -0.001336 0.085431 5.203000 -0.025209 32.528000 27.472000 1.000000
57.204900 -0.000261 0.074215 -12.795100 -0.110887 208.237000 -148.237000 1.000000
54.065100 -0.045000 0.178182 -15.934900 0.062135 16.451000 43.549000 -1.000000
31.999000 -0.000233 0.301593 -38.001000 0.077750 5.632000 54.368000 1.000000
69.203900 -0.000600 0.082562 -0.796100 -0.010982 32.097000 27.903000 1.000000
72.691200 -0.001258 0.097993 2.691200 0.008986 6.920000 53.080000 1.000000
67.140300 -0.000458 0.082346 -2.859700 -0.076307 102.348000 -42.348000 1.000000
51.041600 -0.000167 0.199021 -18.958400 0.092059 8.265000 51.735000 1.000000
50.860600 -0.000292 0.190177 -19.139400 0.082081 6.804000 53.196000 1.000000
72.271200 -0.001091 0.121250 2.271200 -0.011178 26.420000 33.580000 1.000000
74.199800 -0.045000 0.110926 4.199800 0.011149 22.201000 37.799000 -1.000000
60.069300 -0.045000 0.051405 -9.930700 -0.064722 147.340000 -87.340000 -1.000000
70.766900 -0.001524 0.081846 0.766900 -0.084502 105.780000 -45.780000 1.000000
45.697400 -0.002165 0.061091 -24.302600 -0.093401 291.908000 -231.908000 1.000000
62.817600 -0.045000 0.046154 -7.182400 -0.119754 135.796000 -75.796000 -1.000000
68.897000 -0.045000 0.089098 -1.103000 -0.011467 92.195000 -32.195000 -1.000000
72.933600 -0.001877 0.050826 2.933600 -0.104991 50.791000 9.209000 1.000000
66.170300 -0.045000 0.096612 -3.829700 -0.080159 99.000000 -39.000000 -1.000000
73.835400 -0.000686 0.051683 3.835400 -0.028916 73.859000 -13.859000 1.000000
70.601000 -0.045000 0.028290 0.601000 -0.068393 124.654000 -64.654000 -1.000000
32.134700 -0.000036 0.303207 -37.865300 0.082381 3.813000 56.187000 1.000000
73.250100 -0.000530 0.080960 3.250100 -0.092482 103.170000 -43.170000 1.000000
54.070400 -0.000334 0.182502 -15.929600 0.075452 4.346000 55.654000 1.000000
75.787800 -0.000501 0.048809 5.787800 -0.107383 105.850000 -45.850000 1.000000
42.884700 -0.000110 0.216932 -27.115300 0.079105 5.687000 54.313000 1.000000
67.331500 -0.000222 0.080391 -2.668500 -0.101277 128.925000 -68.925000 1.000000
76.270300 -0.000600 0.103446 6.270300 -0.036924 80.920000 -20.920000 1.000000
77.850200 -0.000457 0.090296 7.850200 -0.003294 50.198000 9.802000 1.000000
71.910200 -0.045000 0.114051 1.910200 0.032807 29.107000 30.893000 -1.000000
56.898100 -0.000457 0.110491 -13.101900 0.067136 10.551000 49.449000 1.000000
55.144800 -0.000166 -0.336615 -14.855200 -0.096338 188.712000 -128.712000 1.000000
76.265700 -0.000211 0.104891 6.265700 -0.046492 56.334000 3.666000 1.000000
70.045500 -0.001143 0.090903 0.045500 -0.049364 98.231000 -38.231000 1.000000
72.430500 -0.001484 0.061746 2.430500 -0.054226 65.599000 -5.599000 1.000000
41.399900 -0.000270 0.247823 -28.600100 0.084143 6.960000 53.040000 1.000000
56.518500 -0.000042 0.171250 -13.481500 0.086691 3.871000 56.129000 1.000000
117.170000 -0.045000 0.057265 47.170000 0.052649 7.862000 52.138000 -1.000000
29.525500 -0.000075 0.345238 -40.474500 0.087017 3.963000 56.037000 1.000000
38.125700 -0.000231 0.264274 -31.874300 0.085028 4.264000 55.736000 1.000000
62.397800 -0.000889 0.133030 -7.602200 0.051336 8.205000 51.795000 1.000000
72.273200 -0.045000 0.025080 2.273200 -0.050589 27.893000 32.107000 -1.000000
63.700100 -0.000434 0.099986 -6.299900 -0.039162 109.710000 -49.710000 1.000000
72.363100 -0.045000 0.039038 2.363100 0.022228 7.570000 52.430000 -1.000000
72.955300 -0.000972 0.081598 2.955300 -0.051878 50.672000 9.328000 1.000000
76.492300 -0.001754 0.074336 6.492300 -0.059125 55.984000 4.016000 1.000000
53.923300 -0.000145 -0.084670 -16.076700 -0.040957 125.769000 -65.769000 1.000000
66.187300 -0.000118 0.134285 -3.812700 0.031472 3.714000 56.286000 1.000000
53.523500 -0.000158 0.189942 -16.476500 0.090167 5.159000 54.841000 1.000000
62.777500 -0.000644 -0.002246 -7.222500 -0.105683 95.645000 -35.645000 1.000000
48.494700 -0.000218 0.198989 -21.505300 0.061300 2.277000 57.723000 1.000000
59.185500 -0.000282 -0.013535 -10.814500 -0.105045 200.938000 -140.938000 1.000000
62.262100 -0.000252 0.091265 -7.737900 -0.097193 202.420000 -142.420000 1.000000
69.586000 -0.045000 -0.107786 -0.414000 -0.064148 28.200000 31.800000 -1.000000
62.923300 -0.045000 0.083827 -7.076700 -0.075687 83.867000 -23.867000 -1.000000
74.648200 -0.000726 -0.228478 4.648200 -0.074339 76.363000 -16.363000 1.000000
76.768400 -0.001719 0.089110 6.768400 0.038553 9.523000 50.477000 1.000000
72.628400 -0.045000 -0.277422 2.628400 0.001556 15.620000 44.380000 -1.000000
74.238700 -0.045000 0.065780 4.238700 -0.056297 44.370000 15.630000 -1.000000
57.643400 -0.001053 0.076890 -12.356600 0.037286 6.213000 53.787000 1.000000
76.541100 -0.001594 0.121983 6.541100 0.037315 14.357000 45.643000 1.000000
58.708500 -0.000165 0.171420 -11.291500 0.086809 4.833000 55.167000 1.000000
66.866100 -0.045000 0.034504 -3.133900 -0.071583 128.322000 -68.322000 -1.000000
35.086800 -0.000248 0.284913 -34.913200 0.083631 6.798000 53.202000 1.000000
65.378200 -0.000030 0.143967 -4.621800 0.050076 2.817000 57.183000 1.000000
47.890700 -0.000411 0.204638 -22.109300 0.074953 8.255000 51.745000 1.000000
37.932600 -0.045000 0.055485 -32.067400 -0.099117 373.400000 -313.400000 -1.000000
47.612900 -0.000205 0.030428 -22.387100 -0.072560 275.932000 -215.932000 1.000000
78.866600 -0.045000 0.078547 8.866600 -0.027728 71.186000 -11.186000 -1.000000
64.164400 -0.000133 0.105342 -5.835600 0.016005 104.802000 -44.802000 1.000000
39.513400 -0.000191 0.220176 -30.486600 0.087895 23.837000 36.163000 1.000000
69.875700 -0.045000 0.121955 -0.124300 0.013616 24.383000 35.617000 -1.000000
54.601600 -0.000178 0.161007 -15.398400 0.074216 3.482000 56.518000 1.000000
73.101500 -0.000055 0.123117 3.101500 0.035925 2.458000 57.542000 1.000000
