0.738000 -0.019753 57.923600 -0.000117 -0.132393 0.102435 5.738000 54.262000 1.000000
-38.883000 -0.065395 75.376800 -0.000246 -0.143855 0.004864 53.883000 6.117000 1.000000
1.742000 -0.037138 68.071200 -0.000245 -0.132613 0.016657 6.742000 53.258000 1.000000
-40.768000 -0.072962 75.138200 -0.000198 -0.144344 0.102003 55.768000 4.232000 1.000000
-25.210000 -0.134532 76.949800 -0.000504 -0.140403 0.100453 40.210000 19.790000 1.000000
-1.767000 -0.044365 64.531000 -0.000045 -0.137512 0.141008 3.233000 56.767000 1.000000
-1.775000 -0.036016 61.261700 -0.000132 -0.137510 0.152249 3.225000 56.775000 1.000000
-2.026000 -0.026212 51.266100 -0.000081 -0.137451 0.184065 2.974000 57.026000 1.000000
-2.082000 -0.026803 51.352700 -0.000106 -0.137438 0.174004 2.918000 57.082000 1.000000
-21.903000 -0.080540 74.203100 -0.000270 -0.070411 0.099791 36.903000 23.097000 1.000000
-16.189000 -0.082394 69.688500 -0.000389 -0.069709 0.088096 31.189000 28.811000 1.000000
0.443000 -0.051626 66.710400 -0.000304 -0.102642 0.111182 5.443000 54.557000 1.000000
1.627000 -0.054850 61.199100 -0.000296 -0.101117 0.087405 6.627000 53.373000 1.000000
-0.342000 -0.041559 65.399400 -0.000158 -0.121963 0.135349 4.658000 55.342000 1.000000
-1.124000 -0.041254 55.177900 -0.000213 -0.121802 0.169264 3.876000 56.124000 1.000000
-0.217000 -0.068158 66.667300 -0.000437 -0.124092 0.134089 4.783000 55.217000 1.000000
-32.886000 -0.112984 70.558900 -0.000274 -0.073785 0.092086 47.886000 12.114000 1.000000
-0.946000 -0.035986 67.008600 -0.000043 -0.083341 0.119834 4.054000 55.946000 1.000000
-37.983000 -0.054818 72.180600 -0.000216 -0.046152 0.079829 52.983000 7.017000 1.000000
-15.276000 -0.053551 72.365800 -0.000274 -0.056095 0.070296 30.276000 29.724000 1.000000
-24.144000 -0.047273 71.635200 -0.000155 -0.039939 0.023657 39.144000 20.856000 1.000000
-12.639000 -0.054083 72.706800 -0.000271 -0.046945 0.031539 27.639000 32.361000 1.000000
-33.237000 -0.088438 73.497100 -0.000160 -0.060543 0.025002 48.237000 11.763000 1.000000
1.565000 -0.040893 69.050100 -0.000230 -0.057199 0.091355 6.565000 53.435000 1.000000
0.993000 -0.045111 67.048500 -0.000243 -0.065504 0.101075 5.993000 54.007000 1.000000
-0.205000 -0.038529 64.894000 -0.000103 -0.065368 0.122439 4.795000 55.205000 1.000000
-19.884000 -0.072844 74.477500 -0.000373 -0.072057 0.097948 34.884000 25.116000 1.000000
-34.879000 -0.078459 74.634600 -0.000274 -0.072711 0.096603 49.879000 10.121000 1.000000
-0.699000 -0.047370 64.222300 -0.000138 -0.083377 0.143404 4.301000 55.699000 1.000000
0.194000 -0.041638 60.765200 -0.000192 -0.114323 0.140633 5.194000 54.806000 1.000000
-1.326000 -0.022386 46.303300 -0.000065 -0.148818 0.206886 3.674000 56.326000 1.000000
-21.131000 -0.057151 71.957300 -0.000247 -0.040081 0.065960 36.131000 23.869000 1.000000
-99.890000 -0.149697 61.335900 -0.000264 -0.132948 0.087184 114.890000 -54.890000 1.000000
-28.240000 -0.069861 68.861000 -0.000256 -0.103456 0.087408 43.240000 16.760000 1.000000
2.992000 -0.022179 55.525900 -0.000179 -0.081712 0.142884 7.992000 52.008000 1.000000
2.210000 -0.037420 67.059900 -0.018000 -0.073791 0.118377 12.790000 47.210000 -1.000000
-7.577000 -0.107236 79.735600 -0.001205 -0.076782 0.098129 22.577000 37.423000 1.000000
-131.052000 -0.116613 64.694000 -0.018000 -0.094103 -0.033601 146.052000 -86.052000 -1.000000
-4.085000 -0.022231 126.118000 -0.018000 -0.102725 0.047541 0.915000 59.085000 -1.000000
-99.697000 -0.132678 66.024100 -0.000348 -0.087052 0.102858 114.697000 -54.697000 1.000000
-0.624000 -0.032977 40.700500 -0.000081 -0.086221 0.238991 4.376000 55.624000 1.000000
-8.070000 -0.016317 57.397600 -0.000072 -0.106124 0.049614 -3.070000 63.070000 1.000000
-2.012000 -0.036200 60.813900 -0.000188 -0.106759 0.150144 2.988000 57.012000 1.000000
-30.481000 -0.104137 78.452500 -0.000743 -0.111398 0.114177 45.481000 14.519000 1.000000
-2.617000 -0.030849 47.755800 -0.000052 -0.089226 0.188147 2.383000 57.617000 1.000000
-40.939000 -0.181686 74.028100 -0.000234 -0.124031 0.090197 55.939000 4.061000 1.000000
4.266000 -0.015879 25.807400 -0.000083 -0.086333 0.388437 9.266000 50.734000 1.000000
-15.177000 -0.089462 79.368700 -0.001375 -0.110203 0.073082 30.177000 29.823000 1.000000
-3.235000 -0.111170 57.928600 -0.018000 -0.073396 -0.097365 18.235000 41.765000 -1.000000
-8.366000 -0.104531 63.248300 -0.018000 -0.065623 0.040737 23.366000 36.634000 -1.000000
-0.705000 -0.030219 57.800400 -0.018000 -0.092138 0.150250 15.705000 44.295000 -1.000000
-2.120000 -0.083926 71.802600 -0.000126 -0.121667 0.110826 2.880000 57.120000 1.000000
-90.541000 -0.176988 62.548200 -0.018000 -0.085045 0.090318 105.541000 -45.541000 -1.000000
-181.443000 -0.186871 60.364900 -0.000929 -0.077469 0.020143 196.443000 -136.443000 1.000000
-29.481000 -0.116186 74.500400 -0.000581 -0.089914 0.064065 44.481000 15.519000 1.000000
-95.951000 -0.148045 67.665600 -0.000349 -0.091763 0.095300 110.951000 -50.951000 1.000000
-2.910000 -0.025518 45.662500 -0.000104 -0.088829 0.134127 2.090000 57.910000 1.000000
-27.463000 -0.181520 67.042100 -0.000872 -0.107155 0.097091 42.463000 17.537000 1.000000
-99.893000 -0.144700 66.823400 -0.000599 -0.100803 0.098991 114.893000 -54.893000 1.000000
-4.232000 -0.085937 59.694900 -0.018000 -0.104948 0.140553 19.232000 40.768000 -1.000000
-4.306000 -0.093420 67.548200 -0.018000 -0.123583 0.128039 19.306000 40.694000 -1.000000
-7.857000 -0.046566 77.145600 -0.001008 -0.091290 0.123767 22.857000 37.143000 1.000000
-2.262000 -0.093912 72.611800 -0.000058 -0.130998 0.076618 2.738000 57.262000 1.000000
-4.193000 -0.068460 68.746000 -0.018000 -0.107675 0.121429 19.193000 40.807000 -1.000000
-29.481000 -0.116186 74.500400 -0.000581 -0.089914 0.064065 44.481000 15.519000 1.000000
-29.481000 -0.116186 74.500400 -0.000581 -0.089914 0.064065 44.481000 15.519000 1.000000
-4.181000 -0.068278 68.973200 -0.018000 -0.107673 0.121468 19.181000 40.819000 -1.000000
-4.002000 -0.068104 69.869200 -0.018000 -0.111111 0.117032 19.002000 40.998000 -1.000000
-0.639000 -0.029535 57.884400 -0.018000 -0.092128 0.154698 15.639000 44.361000 -1.000000
-0.705000 -0.030219 57.800400 -0.018000 -0.092138 0.150250 15.705000 44.295000 -1.000000
-99.893000 -0.144700 66.823400 -0.000599 -0.100803 0.098991 114.893000 -54.893000 1.000000
-99.912000 -0.143236 69.895100 -0.000680 -0.098745 0.091571 114.912000 -54.912000 1.000000
-0.639000 -0.029535 57.884400 -0.018000 -0.092128 0.154698 15.639000 44.361000 -1.000000
-0.964000 -0.030168 56.816500 -0.018000 -0.090548 0.157530 15.964000 44.036000 -1.000000
-64.168000 -0.139803 71.829100 -0.000471 -0.089753 0.094904 79.168000 -19.168000 1.000000
-95.951000 -0.148045 67.665600 -0.000349 -0.091763 0.095300 110.951000 -50.951000 1.000000
-0.177000 -0.079440 59.825100 -0.018000 -0.117682 0.138240 15.177000 44.823000 -1.000000
-105.741000 -0.145551 63.507200 -0.000240 -0.117391 0.083055 120.741000 -60.741000 1.000000
-39.870000 -0.180362 73.579700 -0.000211 -0.123779 0.095684 54.870000 5.130000 1.000000
-40.939000 -0.181686 74.028100 -0.000234 -0.124031 0.090197 55.939000 4.061000 1.000000
-58.582000 -0.139634 72.418700 -0.000288 -0.121232 0.090911 73.582000 -13.582000 1.000000
-58.928000 -0.117762 63.993400 -0.000359 -0.096073 0.100147 73.928000 -13.928000 1.000000
-28.240000 -0.069861 68.861000 -0.000256 -0.103456 0.087408 43.240000 16.760000 1.000000
-28.456000 -0.071096 69.748200 -0.000259 -0.103496 0.083644 43.456000 16.544000 1.000000
-2.320000 -0.035931 62.392700 -0.000142 -0.107658 0.147027 2.680000 57.320000 1.000000
-2.012000 -0.036200 60.813900 -0.000188 -0.106759 0.150144 2.988000 57.012000 1.000000
-2.012000 -0.036200 60.813900 -0.000188 -0.106759 0.150144 2.988000 57.012000 1.000000
-1.850000 -0.035536 63.204300 -0.000124 -0.106790 0.147866 3.150000 56.850000 1.000000
-58.582000 -0.139634 72.418700 -0.000288 -0.121232 0.090911 73.582000 -13.582000 1.000000
-58.273000 -0.138776 72.828400 -0.000306 -0.121158 0.090718 73.273000 -13.273000 1.000000
0.013000 -0.029663 34.070100 -0.000117 -0.086318 0.260777 5.013000 54.987000 1.000000
0.148000 -0.034827 41.557600 -0.000145 -0.086338 0.226652 5.148000 54.852000 1.000000
-2.221000 -0.094099 72.582800 -0.000040 -0.129213 0.074562 2.779000 57.221000 1.000000
-2.262000 -0.093912 72.611800 -0.000058 -0.130998 0.076618 2.738000 57.262000 1.000000
-1.466000 -0.015784 22.999100 -0.000075 -0.085504 0.420295 3.534000 56.466000 1.000000
-63.916000 -0.148371 71.981300 -0.018000 -0.122509 0.069714 78.916000 -18.916000 -1.000000
-29.481000 -0.116186 74.500400 -0.000581 -0.089914 0.064065 44.481000 15.519000 1.000000
-29.650000 -0.117711 73.503300 -0.018000 -0.091792 0.064526 44.650000 15.350000 -1.000000
-4.085000 -0.022231 126.118000 -0.018000 -0.102725 0.047541 0.915000 59.085000 -1.000000
2.891000 -0.021663 275.004000 -0.018000 -0.104732 -0.041140 12.109000 47.891000 -1.000000
-30.481000 -0.104137 78.452500 -0.000743 -0.111398 0.114177 45.481000 14.519000 1.000000
-30.645000 -0.103526 78.144200 -0.000748 -0.114912 0.112980 45.645000 14.355000 1.000000
-2.033000 -0.091279 74.687000 -0.000112 -0.106755 0.118717 2.967000 57.033000 1.000000
-0.461000 -0.050869 72.005500 -0.018000 -0.106812 0.060144 4.539000 55.461000 -1.000000
-30.178000 -0.072357 69.136600 -0.000270 -0.103817 0.081226 45.178000 14.822000 1.000000
-28.352000 -0.070275 69.517200 -0.000259 -0.103477 0.079692 43.352000 16.648000 1.000000
-41.241000 -0.180925 74.786900 -0.000242 -0.124103 0.092353 56.241000 3.759000 1.000000
-40.939000 -0.181686 74.028100 -0.000234 -0.124031 0.090197 55.939000 4.061000 1.000000
-7.540000 -0.046032 74.956900 -0.000998 -0.091240 0.128469 22.540000 37.460000 1.000000
-2.101000 -0.090793 74.574000 -0.000041 -0.115638 0.120736 2.899000 57.101000 1.000000
-2.221000 -0.094099 72.582800 -0.000040 -0.129213 0.074562 2.779000 57.221000 1.000000
-2.221000 -0.094099 72.582800 -0.000040 -0.129213 0.074562 2.779000 57.221000 1.000000
-15.177000 -0.089462 79.368700 -0.001375 -0.110203 0.073082 30.177000 29.823000 1.000000
-15.177000 -0.089462 79.368700 -0.001375 -0.110203 0.073082 30.177000 29.823000 1.000000
-3.451000 -0.024671 47.371300 -0.000104 -0.088750 0.118409 1.549000 58.451000 1.000000
-2.910000 -0.025518 45.662500 -0.000104 -0.088829 0.134127 2.090000 57.910000 1.000000
2.008000 -0.020164 53.790800 -0.000136 -0.081580 0.166604 7.008000 52.992000 1.000000
-1.645000 -0.086265 74.345500 -0.000067 -0.106829 0.114994 3.355000 56.645000 1.000000
-3.451000 -0.024671 47.371300 -0.000104 -0.088750 0.118409 1.549000 58.451000 1.000000
-3.451000 -0.024671 47.371300 -0.000104 -0.088750 0.118409 1.549000 58.451000 1.000000
-30.452000 -0.103318 78.318900 -0.000793 -0.111392 0.113531 45.452000 14.548000 1.000000
-30.481000 -0.104137 78.452500 -0.000743 -0.111398 0.114177 45.481000 14.519000 1.000000
2.106000 -0.020252 55.891300 -0.000139 -0.081593 0.155944 7.106000 52.894000 1.000000
2.008000 -0.020164 53.790800 -0.000136 -0.081580 0.166604 7.008000 52.992000 1.000000
-0.327000 -0.032531 38.791600 -0.000139 -0.086266 0.247914 4.673000 55.327000 1.000000
0.148000 -0.034827 41.557600 -0.000145 -0.086338 0.226652 5.148000 54.852000 1.000000
-2.262000 -0.093912 72.611800 -0.000058 -0.130998 0.076618 2.738000 57.262000 1.000000
-2.262000 -0.093912 72.611800 -0.000058 -0.130998 0.076618 2.738000 57.262000 1.000000
-7.857000 -0.046566 77.145600 -0.001008 -0.091290 0.123767 22.857000 37.143000 1.000000
-7.813000 -0.046724 76.854600 -0.001000 -0.091283 0.124684 22.813000 37.187000 1.000000
-10.059000 -0.089911 76.576600 -0.001881 -0.117659 0.078842 25.059000 34.941000 1.000000
-31.134000 -0.068367 73.685600 -0.000256 -0.094969 0.076386 46.134000 13.866000 1.000000
-29.307000 -0.073019 68.091500 -0.000276 -0.103654 0.120572 44.307000 15.693000 1.000000
-10.833000 -0.042216 64.077300 -0.018000 -0.091755 0.099104 25.833000 34.167000 -1.000000
-3.617000 -0.027631 51.673500 -0.018000 -0.088726 0.102434 1.383000 58.617000 -1.000000
-0.424000 -0.034404 41.598000 -0.000105 -0.086252 0.223379 4.576000 55.424000 1.000000
-38.535000 -0.179731 72.490500 -0.000257 -0.125364 0.097937 53.535000 6.465000 1.000000
-28.633000 -0.068188 72.860600 -0.000251 -0.103529 0.077149 43.633000 16.367000 1.000000
1.875000 -0.020127 53.323500 -0.000131 -0.081562 0.167386 6.875000 53.125000 1.000000
-28.795000 -0.070809 69.405700 -0.000256 -0.103559 0.084823 43.795000 16.205000 1.000000
-46.902000 -0.049483 8.120090 -0.018000 -0.082835 0.958925 -41.902000 101.902000 -1.000000
-11.062000 -0.041266 64.804400 -0.018000 -0.091791 0.135787 26.062000 33.938000 -1.000000
-39.493000 -0.180475 73.680200 -0.000429 -0.127496 0.096334 54.493000 5.507000 1.000000
1.871000 -0.019728 49.606600 -0.000130 -0.078273 0.174163 6.871000 53.129000 1.000000
-41.241000 -0.180925 74.786900 -0.000242 -0.124103 0.092353 56.241000 3.759000 1.000000
-40.939000 -0.181686 74.028100 -0.000234 -0.124031 0.090197 55.939000 4.061000 1.000000
-35.879000 -0.071022 75.522600 -0.000239 -0.095789 0.066596 50.879000 9.121000 1.000000
-30.839000 -0.068590 74.579900 -0.000262 -0.094918 0.072479 45.839000 14.161000 1.000000
-30.819000 -0.103340 78.856900 -0.000752 -0.111463 0.111638 45.819000 14.181000 1.000000
-7.809000 -0.046377 74.153200 -0.001002 -0.091282 0.128818 22.809000 37.191000 1.000000
-2.009000 -0.089628 74.063700 -0.000098 -0.112098 0.115353 2.991000 57.009000 1.000000
-0.833000 -0.030258 39.125000 -0.000103 -0.081650 0.248682 4.167000 55.833000 1.000000
-28.410000 -0.069739 69.415200 -0.000256 -0.103487 0.083751 43.410000 16.590000 1.000000
-28.456000 -0.071096 69.748200 -0.000259 -0.103496 0.083644 43.456000 16.544000 1.000000
-20.065000 -0.048130 74.516500 -0.000573 -0.089749 0.126889 35.065000 24.935000 1.000000
-7.857000 -0.046566 77.145600 -0.001008 -0.091290 0.123767 22.857000 37.143000 1.000000
-33.913000 -0.075063 70.821900 -0.000239 -0.095448 0.107353 48.913000 11.087000 1.000000
-10.380000 -0.041421 65.784000 -0.018000 -0.089973 0.104908 25.380000 34.620000 -1.000000
0.192000 -0.033819 41.302000 -0.000078 -0.086345 0.233150 5.192000 54.808000 1.000000
-0.125000 -0.032336 39.645300 -0.000105 -0.086297 0.243374 4.875000 55.125000 1.000000
0.192000 -0.033819 41.302000 -0.000078 -0.086345 0.233150 5.192000 54.808000 1.000000
0.148000 -0.034827 41.557600 -0.000145 -0.086338 0.226652 5.148000 54.852000 1.000000
-0.704000 -0.032007 38.800800 -0.000084 -0.086209 0.252027 4.296000 55.704000 1.000000
-1.083000 -0.033059 39.213000 -0.000081 -0.086152 0.248172 3.917000 56.083000 1.000000
-0.704000 -0.032007 38.800800 -0.000084 -0.086209 0.252027 4.296000 55.704000 1.000000
-0.704000 -0.032007 38.800800 -0.000084 -0.086209 0.252027 4.296000 55.704000 1.000000
3.726000 -0.060446 75.928300 -0.001509 -0.106780 0.109086 11.274000 48.726000 1.000000
-61.566000 -0.089251 75.411700 -0.001796 -0.098580 0.070952 76.566000 -16.566000 1.000000
0.260000 -0.077174 73.407700 -0.000468 -0.103495 0.108699 5.260000 54.740000 1.000000
-21.285000 -0.139223 73.472000 -0.018000 -0.100243 0.091774 36.285000 23.715000 -1.000000
-2.349000 -0.040488 38.269800 -0.000200 -0.086719 0.240921 2.651000 57.349000 1.000000
-3.489000 -0.028898 65.607100 -0.018000 -0.090615 0.135658 18.489000 41.511000 -1.000000
2.711000 -0.021485 55.382900 -0.000171 -0.083321 0.156080 7.711000 52.289000 1.000000
-9.390000 -0.045588 74.444600 -0.000969 -0.091528 0.129224 24.390000 35.610000 1.000000
4.266000 -0.015879 25.807400 -0.000083 -0.086333 0.388437 9.266000 50.734000 1.000000
4.266000 -0.015879 25.807400 -0.000083 -0.086333 0.388437 9.266000 50.734000 1.000000
-30.129000 -0.103703 76.453800 -0.000771 -0.111329 0.116605 45.129000 14.871000 1.000000
-29.168000 -0.069069 71.561200 -0.000251 -0.103628 0.080523 44.168000 15.832000 1.000000
-30.481000 -0.104137 78.452500 -0.000743 -0.111398 0.114177 45.481000 14.519000 1.000000
-30.481000 -0.104137 78.452500 -0.000743 -0.111398 0.114177 45.481000 14.519000 1.000000
-30.407000 -0.105320 77.086500 -0.000748 -0.111383 0.112814 45.407000 14.593000 1.000000
-15.958000 -0.090466 78.361700 -0.001293 -0.110349 0.076938 30.958000 29.042000 1.000000
-1.295000 -0.026945 37.045000 -0.000137 -0.099948 0.267282 3.705000 56.295000 1.000000
-241.159000 -0.208935 47.682700 -0.000273 -0.171689 0.090987 256.159000 -196.159000 1.000000
-41.241000 -0.180925 74.786900 -0.000242 -0.124103 0.092353 56.241000 3.759000 1.000000
-40.543000 -0.180925 74.310300 -0.000242 -0.123938 0.091788 55.543000 4.457000 1.000000
-45.011000 -0.181622 74.720500 -0.000140 -0.123812 0.096539 60.011000 -0.011000 1.000000
-24.200000 -0.114307 75.501800 -0.018000 -0.089867 0.070224 39.200000 20.800000 -1.000000
-27.528000 -0.070428 69.901300 -0.000259 -0.103324 0.086805 42.528000 17.472000 1.000000
-11.107000 -0.041544 64.275600 -0.018000 -0.091798 0.134906 26.107000 33.893000 -1.000000
-1.211000 -0.379164 43.051100 -0.018000 -0.095662 -1.904260 3.789000 56.211000 -1.000000
-76.617000 -0.181656 71.368500 -0.000172 -0.122854 0.075515 91.617000 -31.617000 1.000000
2.920000 -0.113543 74.150900 -0.002540 -0.109170 0.088042 7.920000 52.080000 1.000000
-9.496000 -0.115209 73.773200 -0.018000 -0.089916 0.077021 24.496000 35.504000 -1.000000
-46.858000 -0.181160 76.071500 -0.000242 -0.135718 0.091014 61.858000 -1.858000 1.000000
-9.040000 -0.045708 74.145800 -0.000985 -0.081234 0.129025 24.040000 35.960000 1.000000
-19.101000 -0.047925 75.490300 -0.000590 -0.091335 0.125471 34.101000 25.899000 1.000000
-41.287000 -0.180687 73.761800 -0.000234 -0.124114 0.081918 56.287000 3.713000 1.000000
-68.902000 -0.181273 73.421400 -0.000273 -0.125452 0.094821 83.902000 -23.902000 1.000000
-0.032000 -0.038526 68.820400 -0.018000 -0.091333 0.126454 15.032000 44.968000 -1.000000
-32.915000 -0.106437 79.754600 -0.000716 -0.111871 0.108732 47.915000 12.085000 1.000000
-37.700000 -0.178556 73.611000 -0.000248 -0.125166 0.097941 52.700000 7.300000 1.000000
-29.746000 -0.117755 74.152000 -0.018000 -0.089958 0.062361 44.746000 15.254000 -1.000000
-29.481000 -0.116186 74.500400 -0.000581 -0.089914 0.064065 44.481000 15.519000 1.000000
-5.094000 -0.029279 34.472100 -0.018000 -0.099282 0.206403 -0.094000 60.094000 -1.000000
-41.236000 -0.174778 75.562300 -0.018000 -0.124102 0.091259 56.236000 3.764000 -1.000000
-29.030000 -0.103919 76.027600 -0.000780 -0.114589 0.117008 44.030000 15.970000 1.000000
-28.911000 -0.069234 71.483300 -0.000248 -0.099984 0.079962 43.911000 16.089000 1.000000
2.042000 -0.022872 46.178100 -0.000170 -0.086009 0.214304 7.042000 52.958000 1.000000
-3.725000 -0.022872 21.489600 -0.000082 -0.085755 0.435893 1.275000 58.725000 1.000000
-33.943000 -0.074303 74.689700 -0.000248 -0.095453 0.112036 48.943000 11.057000 1.000000
-20.147000 -0.048276 75.651900 -0.000573 -0.091502 0.124041 35.147000 24.853000 1.000000
-40.543000 -0.180925 74.310300 -0.000242 -0.123938 0.091788 55.543000 4.457000 1.000000
-40.299000 -0.182228 73.491000 -0.000234 -0.123880 0.093464 55.299000 4.701000 1.000000
-29.744000 -0.068252 74.470400 -0.000268 -0.094731 0.066140 44.744000 15.256000 1.000000
-21.285000 -0.047572 68.311700 -0.018000 -0.091683 0.130278 36.285000 23.715000 -1.000000
-194.095000 -0.189655 56.997900 -0.000307 -0.134560 0.092926 209.095000 -149.095000 1.000000
-1.123000 -0.054339 70.519000 -0.000319 -0.112823 0.127421 3.877000 56.123000 1.000000
1.148000 -0.024187 46.812900 -0.000167 -0.092616 0.205317 6.148000 53.852000 1.000000
-21.336000 -0.045930 59.590000 -0.018000 -0.084719 0.156709 36.336000 23.664000 -1.000000
-3.658000 -0.032320 39.747700 -0.000184 -0.132483 0.195257 1.342000 58.658000 1.000000
-265.287000 -0.207568 42.463700 -0.018000 -0.122117 0.078378 280.287000 -220.287000 -1.000000
-28.367000 -0.104899 69.280300 -0.000821 -0.110989 0.119061 43.367000 16.633000 1.000000
4.584000 -0.009774 45.389100 -0.000083 -0.086380 0.219593 9.584000 50.416000 1.000000
-40.439000 -0.180099 73.651900 -0.000281 -0.123913 0.081281 55.439000 4.561000 1.000000
-40.696000 -0.181077 72.889400 -0.000187 -0.123974 0.095778 55.696000 4.304000 1.000000
-40.939000 -0.181686 74.028100 -0.000234 -0.124031 0.090197 55.939000 4.061000 1.000000
-40.325000 -0.180594 72.621400 -0.000265 -0.118168 0.097950 55.325000 4.675000 1.000000
-29.926000 -0.103284 76.030100 -0.000757 -0.111290 0.114664 44.926000 15.074000 1.000000
-3.051000 -0.033826 39.035600 -0.000168 -0.099639 0.199468 1.949000 58.051000 1.000000
-40.696000 -0.181077 72.889400 -0.000187 -0.123974 0.095778 55.696000 4.304000 1.000000
-40.151000 -0.181107 73.035100 -0.000382 -0.116224 0.097461 55.151000 4.849000 1.000000
-39.850000 -0.182179 71.922000 -0.000234 -0.123774 0.086269 54.850000 5.150000 1.000000
4.219000 -0.016529 27.466400 -0.000084 -0.086326 0.364973 9.219000 50.781000 1.000000
-1.757000 -0.031046 36.906800 -0.000081 -0.083281 0.269107 3.243000 56.757000 1.000000
-1.798000 -0.027886 38.465100 -0.000147 -0.096331 0.252052 3.202000 56.798000 1.000000
4.266000 -0.015879 25.807400 -0.000083 -0.086333 0.388437 9.266000 50.734000 1.000000
4.872000 -0.016245 25.857200 -0.000084 -0.086422 0.377385 9.872000 50.128000 1.000000
-5.764000 -0.020944 20.409200 -0.000085 -0.085452 0.446598 -0.764000 60.764000 1.000000
4.485000 -0.017621 24.536200 -0.000083 -0.086365 0.410834 9.485000 50.515000 1.000000
-30.481000 -0.104137 78.452500 -0.000743 -0.111398 0.114177 45.481000 14.519000 1.000000
-30.469000 -0.103221 78.392800 -0.000752 -0.107914 0.110827 45.469000 14.531000 1.000000
4.657000 -0.015899 27.221100 -0.000084 -0.086491 0.351832 10.343000 49.657000 1.000000
-21.569000 -0.048012 73.767800 -0.000543 -0.091729 0.128251 36.569000 23.431000 1.000000
-40.460000 -0.180586 73.549800 -0.000250 -0.123918 0.097591 55.460000 4.540000 1.000000
0.059000 -0.031968 41.573400 -0.000112 -0.086325 0.234160 5.059000 54.941000 1.000000
-1.265000 -0.033204 38.183400 -0.000076 -0.086125 0.258053 3.735000 56.265000 1.000000
-16.888000 -0.044298 68.432000 -0.018000 -0.090986 0.122850 31.888000 28.112000 -1.000000
-32.484000 -0.073779 68.806700 -0.000344 -0.091581 0.080639 47.484000 12.516000 1.000000
-40.302000 -0.179836 72.755200 -0.000140 -0.123881 -0.102884 55.302000 4.698000 1.000000
-41.012000 -0.180501 74.765000 -0.000421 -0.139316 0.092107 56.012000 3.988000 1.000000
0.560000 -0.037916 53.532300 -0.018000 -0.082560 0.079223 5.560000 54.440000 -1.000000
-41.241000 -0.180925 74.786900 -0.000242 -0.124103 0.092353 56.241000 3.759000 1.000000
-41.241000 -0.180925 74.786900 -0.000242 -0.124103 0.092353 56.241000 3.759000 1.000000
-40.406000 -0.180308 74.747200 -0.000304 -0.123905 0.093623 55.406000 4.594000 1.000000
-40.499000 -0.181783 73.796700 -0.000304 -0.123927 0.091363 55.499000 4.501000 1.000000
-71.782000 -0.172971 69.092300 -0.000293 -0.099373 0.068893 86.782000 -26.782000 1.000000
-3.293000 -0.024959 73.620800 -0.018000 -0.112400 0.061988 1.707000 58.293000 -1.000000
-41.241000 -0.180925 74.786900 -0.000242 -0.124103 0.092353 56.241000 3.759000 1.000000
-40.939000 -0.181686 74.028100 -0.000234 -0.124031 0.090197 55.939000 4.061000 1.000000
-40.741000 -0.181981 73.864500 -0.000250 -0.123985 0.090815 55.741000 4.259000 1.000000
-41.241000 -0.180925 74.786900 -0.000242 -0.124103 0.092353 56.241000 3.759000 1.000000
4.385000 -0.028118 40.202800 -0.018000 -0.092639 0.243700 10.615000 49.385000 -1.000000
-2.944000 -0.018566 22.352200 -0.000084 -0.080290 0.422997 2.056000 57.944000 1.000000
-16.187000 -0.100466 59.898700 -0.018000 -0.113788 0.146868 31.187000 28.813000 -1.000000
-2.395000 -0.022201 56.414400 -0.000101 -0.094467 0.163672 2.605000 57.395000 1.000000
-1.530000 -0.017520 31.396400 -0.000029 -0.107673 0.309532 3.470000 56.530000 1.000000
-40.488000 -0.177285 71.638500 -0.018000 -0.094564 0.091446 55.488000 4.512000 -1.000000
-40.242000 -0.179802 73.562900 -0.000281 -0.129584 0.093494 55.242000 4.758000 1.000000
-28.611000 -0.072396 73.224100 -0.000350 -0.085552 0.087116 43.611000 16.389000 1.000000
-38.822000 -0.182905 70.065700 -0.000304 -0.123532 0.098221 53.822000 6.178000 1.000000
0.093000 -0.028702 52.003300 -0.000119 -0.086330 0.184374 5.093000 54.907000 1.000000
-1.798000 -0.027886 38.465100 -0.000147 -0.096331 0.252052 3.202000 56.798000 1.000000
-1.798000 -0.027886 38.465100 -0.000147 -0.096331 0.252052 3.202000 56.798000 1.000000
-60.153000 -0.181583 72.120500 -0.000257 -0.123846 0.096602 75.153000 -15.153000 1.000000
-10.267000 -0.067890 72.391500 -0.000585 -0.084004 0.118466 25.267000 34.733000 1.000000
-38.669000 -0.180004 74.337100 -0.000604 -0.125396 0.094807 53.669000 6.331000 1.000000
-0.013000 -0.033803 41.635400 -0.000187 -0.100175 0.224664 4.987000 55.013000 1.000000
-79.206000 -0.181703 73.756000 -0.000281 -0.125524 0.087409 94.206000 -34.206000 1.000000
4.006000 -0.087907 77.471900 -0.002285 -0.110334 0.105940 9.006000 50.994000 1.000000
-1.605000 -0.030855 34.231200 -0.000083 -0.102518 0.259113 3.395000 56.605000 1.000000
-9.748000 -0.017780 18.266000 -0.018000 -0.082123 0.506913 -4.748000 64.748000 -1.000000
-40.978000 -0.181900 74.210000 -0.000242 -0.124041 0.095725 55.978000 4.022000 1.000000
-32.665000 -0.073033 70.590600 -0.000347 -0.091611 0.083594 47.665000 12.335000 1.000000
-39.950000 -0.177492 76.985800 -0.000273 -0.123798 0.092937 54.950000 5.050000 1.000000
-41.241000 -0.180925 74.786900 -0.000242 -0.124103 0.092353 56.241000 3.759000 1.000000
-2.275000 -0.090439 71.477500 -0.000122 -0.112045 0.120184 2.725000 57.275000 1.000000
-40.926000 -0.181403 73.516700 -0.000265 -0.116396 0.095277 55.926000 4.074000 1.000000
-40.741000 -0.181981 73.864500 -0.000250 -0.123985 0.090815 55.741000 4.259000 1.000000
-40.893000 -0.177535 77.120800 -0.000250 -0.124020 0.092954 55.893000 4.107000 1.000000
-41.241000 -0.180925 74.786900 -0.000242 -0.124103 0.092353 56.241000 3.759000 1.000000
-41.241000 -0.180925 74.786900 -0.000242 -0.124103 0.092353 56.241000 3.759000 1.000000
4.510000 -0.017116 25.295700 -0.000083 -0.086369 0.383987 9.510000 50.490000 1.000000
-36.112000 -0.101773 76.395600 -0.000666 -0.112500 0.111674 51.112000 8.888000 1.000000
-32.035000 -0.075730 72.951600 -0.000257 -0.104166 0.118295 47.035000 12.965000 1.000000
0.407000 -0.031768 44.285500 -0.000120 -0.076924 0.218267 5.407000 54.593000 1.000000
-1.742000 -0.030983 43.016100 -0.000149 -0.099869 0.208669 3.258000 56.742000 1.000000
-45.454000 -0.187722 74.098700 -0.018000 -0.125109 0.078487 60.454000 -0.454000 -1.000000
-40.939000 -0.181686 74.028100 -0.000234 -0.124031 0.090197 55.939000 4.061000 1.000000
-41.241000 -0.180925 74.786900 -0.000242 -0.124103 0.092353 56.241000 3.759000 1.000000
-40.543000 -0.180925 74.310300 -0.000242 -0.123938 0.091788 55.543000 4.457000 1.000000
-41.241000 -0.180925 74.786900 -0.000242 -0.124103 0.092353 56.241000 3.759000 1.000000
-40.939000 -0.181686 74.028100 -0.000234 -0.124031 0.090197 55.939000 4.061000 1.000000
-40.532000 -0.180862 73.955400 -0.000296 -0.123935 0.090301 55.532000 4.468000 1.000000
-57.559000 -0.203805 71.574500 -0.018000 -0.128094 0.089506 72.559000 -12.559000 -1.000000
-2.135000 -0.028429 38.800200 -0.000150 -0.099800 0.214470 2.865000 57.135000 1.000000
-34.575000 -0.103201 71.660400 -0.000730 -0.115703 0.124809 49.575000 10.425000 1.000000
-41.617000 -0.182426 76.293300 -0.000304 -0.120371 0.090683 56.617000 3.383000 1.000000
-89.743000 -0.193789 68.779700 -0.000894 -0.102977 0.083617 104.743000 -44.743000 1.000000
4.298000 -0.026893 16.609400 -0.018000 -0.113895 0.448450 9.298000 50.702000 -1.000000
-39.913000 -0.180751 73.104400 -0.000437 -0.116171 0.095622 54.913000 5.087000 1.000000
-42.302000 -0.085172 65.080700 -0.018000 -0.075086 -0.465947 -37.302000 97.302000 -1.000000
-40.043000 -0.180660 73.605900 -0.000445 -0.139059 0.099000 55.043000 4.957000 1.000000
-18.606000 -0.021168 17.772500 -0.018000 -0.069996 0.460429 -13.606000 73.606000 -1.000000
4.981000 -0.045829 97.443300 -0.018000 -0.108218 0.061971 10.019000 49.981000 -1.000000
-277.552000 -0.216463 42.128900 -0.018000 -0.184381 0.050485 292.552000 -232.552000 -1.000000
-41.474000 -0.181012 73.412900 -0.000257 -0.124158 0.083167 56.474000 3.526000 1.000000
-41.287000 -0.180687 73.761800 -0.000234 -0.124114 0.081918 56.287000 3.713000 1.000000
-34.575000 -0.103201 71.660400 -0.000730 -0.115703 0.124809 49.575000 10.425000 1.000000
-36.171000 -0.102378 77.462400 -0.000666 -0.112512 0.113917 51.171000 8.829000 1.000000
-32.376000 -0.107032 72.312600 -0.000730 -0.115259 0.124083 47.376000 12.624000 1.000000
-41.064000 -0.175300 74.453900 -0.000248 -0.124061 0.095649 56.064000 3.936000 1.000000
-40.555000 -0.180102 72.931100 -0.000281 -0.123941 0.087086 55.555000 4.445000 1.000000
-2.008000 -0.027667 43.056600 -0.000125 -0.096295 0.208243 2.992000 57.008000 1.000000
-40.465000 -0.180480 73.727400 -0.000507 -0.123919 0.094206 55.465000 4.535000 1.000000
-22.900000 -0.220271 -9.524240 -0.018000 -0.082538 -1.731410 -17.900000 77.900000 -1.000000
4.428000 -0.016707 25.048400 -0.000085 -0.086525 0.373941 10.572000 49.428000 1.000000
-2.944000 -0.018566 22.352200 -0.000084 -0.080290 0.422997 2.056000 57.944000 1.000000
-41.241000 -0.180925 74.786900 -0.000242 -0.124103 0.092353 56.241000 3.759000 1.000000
-41.287000 -0.180687 73.761800 -0.000234 -0.124114 0.081918 56.287000 3.713000 1.000000
-49.643000 -0.182459 73.828000 -0.000211 -0.118365 0.090704 64.643000 -4.643000 1.000000
-2.467000 -0.021345 25.075300 -0.000081 -0.085944 0.380156 2.533000 57.467000 1.000000
-2.810000 -0.017711 21.883100 -0.000070 -0.085892 0.434643 2.190000 57.810000 1.000000
-4.151000 -0.026257 35.157200 -0.000137 -0.095932 0.235873 0.849000 59.151000 1.000000
-40.501000 -0.182286 73.861000 -0.000515 -0.127741 0.083617 55.501000 4.499000 1.000000
-68.406000 -0.158234 44.802800 -0.018000 -0.068834 -0.784278 -63.406000 123.406000 -1.000000
-41.241000 -0.180925 74.786900 -0.000242 -0.124103 0.092353 56.241000 3.759000 1.000000
-40.261000 -0.179661 72.949500 -0.000265 -0.120060 0.096293 55.261000 4.739000 1.000000
-40.892000 -0.176024 73.857300 -0.000281 -0.124020 0.096100 55.892000 4.108000 1.000000
-39.332000 -0.179906 74.202800 -0.000163 -0.123652 0.095702 54.332000 5.668000 1.000000
-41.241000 -0.180925 74.786900 -0.000242 -0.124103 0.092353 56.241000 3.759000 1.000000
-41.241000 -0.180925 74.786900 -0.000242 -0.124103 0.092353 56.241000 3.759000 1.000000
-57.257000 -0.201965 71.946600 -0.000209 -0.128018 0.081003 72.257000 -12.257000 1.000000
-41.241000 -0.180925 74.786900 -0.000242 -0.124103 0.092353 56.241000 3.759000 1.000000
4.873000 -0.017582 25.324300 -0.000084 -0.086422 0.391322 9.873000 50.127000 1.000000
-4.328000 -0.020943 22.392800 -0.000086 -0.080094 0.411255 0.672000 59.328000 1.000000
-35.246000 -0.040579 12.501500 -0.018000 -0.100785 0.686390 -30.246000 90.246000 -1.000000
-41.488000 -0.181155 72.113400 -0.000351 -0.096464 0.067122 56.488000 3.512000 1.000000
-39.979000 -0.181789 73.734900 -0.018000 -0.123805 0.096405 54.979000 5.021000 -1.000000
-41.488000 -0.181155 72.113400 -0.000351 -0.096464 0.067122 56.488000 3.512000 1.000000
-41.643000 -0.180948 72.535500 -0.000437 -0.096492 0.066683 56.643000 3.357000 1.000000
-41.488000 -0.181155 72.113400 -0.000351 -0.096464 0.067122 56.488000 3.512000 1.000000
-41.241000 -0.180925 74.786900 -0.000242 -0.124103 0.092353 56.241000 3.759000 1.000000
-40.597000 -0.181105 74.130700 -0.000187 -0.123950 0.095594 55.597000 4.403000 1.000000
-52.301000 -0.181329 74.566100 -0.000211 -0.118978 0.091373 67.301000 -7.301000 1.000000
-41.414000 -0.180840 74.855900 -0.000515 -0.124144 0.093132 56.414000 3.586000 1.000000
-40.410000 -0.181547 73.854300 -0.000515 -0.127719 0.080226 55.410000 4.590000 1.000000
-40.501000 -0.182286 73.861000 -0.000515 -0.127741 0.083617 55.501000 4.499000 1.000000
-3.403000 -0.024889 33.304000 -0.000173 -0.097818 0.268109 1.597000 58.403000 1.000000
-5.167000 -0.019988 22.045300 -0.000085 -0.078223 0.411660 -0.167000 60.167000 1.000000
-41.144000 -0.180663 72.803500 -0.000211 -0.124080 0.099708 56.144000 3.856000 1.000000
-40.815000 -0.182540 75.304300 -0.000257 -0.124002 0.077919 55.815000 4.185000 1.000000
-41.059000 -0.180783 71.413800 -0.000172 -0.096385 0.068973 56.059000 3.941000 1.000000
-4.006000 -0.017399 23.242800 -0.000082 -0.085713 0.398299 0.994000 59.006000 1.000000
-3.403000 -0.024889 33.304000 -0.000173 -0.097818 0.268109 1.597000 58.403000 1.000000
-4.151000 -0.026257 35.157200 -0.000137 -0.095932 0.235873 0.849000 59.151000 1.000000
-40.465000 -0.180480 73.727400 -0.000507 -0.123919 0.094206 55.465000 4.535000 1.000000
-41.617000 -0.182426 76.293300 -0.000304 -0.120371 0.090683 56.617000 3.383000 1.000000
3.550000 -0.015520 25.971400 -0.000081 -0.086229 0.369330 8.550000 51.450000 1.000000
-40.389000 -0.180818 72.902000 -0.000491 -0.123901 0.096755 55.389000 4.611000 1.000000
-41.241000 -0.180925 74.786900 -0.000242 -0.124103 0.092353 56.241000 3.759000 1.000000
-41.643000 -0.180948 72.535500 -0.000437 -0.096492 0.066683 56.643000 3.357000 1.000000
-41.414000 -0.180840 74.855900 -0.000515 -0.124144 0.093132 56.414000 3.586000 1.000000
-41.591000 -0.180950 72.392700 -0.000413 -0.096483 0.063279 56.591000 3.409000 1.000000
-2.563000 -0.024060 42.365700 -0.000134 -0.090915 0.202616 2.437000 57.563000 1.000000
-21.754000 -0.022905 18.221000 -0.018000 -0.082829 0.350086 -16.754000 76.754000 -1.000000
-40.020000 -0.178638 72.979800 -0.000281 -0.123814 0.095980 55.020000 4.980000 1.000000
-2.438000 -0.021307 23.105400 -0.000073 -0.085948 0.407446 2.562000 57.438000 1.000000
-41.604000 -0.178887 72.094900 -0.000398 -0.096485 0.066569 56.604000 3.396000 1.000000
-47.199000 -0.189829 73.335700 -0.000171 -0.125531 0.093946 62.199000 -2.199000 1.000000
-3.521000 -0.025549 37.082500 -0.000095 -0.096039 0.244521 1.479000 58.521000 1.000000
-5.173000 -0.015992 24.620500 -0.000083 -0.079976 0.366902 -0.173000 60.173000 1.000000
-41.241000 -0.180925 74.786900 -0.000242 -0.124103 0.092353 56.241000 3.759000 1.000000
-41.241000 -0.180925 74.786900 -0.000242 -0.124103 0.092353 56.241000 3.759000 1.000000
-41.479000 -0.179166 72.355700 -0.000421 -0.096462 0.064290 56.479000 3.521000 1.000000
-40.784000 -0.181946 73.447400 -0.000179 -0.123995 0.098080 55.784000 4.216000 1.000000
-44.542000 -0.181453 68.673300 -0.018000 -0.139091 0.089902 59.542000 0.458000 -1.000000
-9.797000 -0.038781 42.601500 -0.018000 -0.087552 -0.043863 -4.797000 64.797000 -1.000000
0.120000 -0.014931 26.936200 -0.000029 -0.111528 0.362368 5.120000 54.880000 1.000000
-54.397000 -0.182540 69.649400 -0.000686 -0.090090 0.094445 69.397000 -9.397000 1.000000
-40.973000 -0.180273 73.634900 -0.000257 -0.124039 0.082316 55.973000 4.027000 1.000000
-41.257000 -0.181735 74.559400 -0.000242 -0.124107 0.093484 56.257000 3.743000 1.000000
-60.569000 -0.181188 73.921000 -0.000343 -0.123944 0.092718 75.569000 -15.569000 1.000000
-6.873000 -0.022186 20.418600 -0.018000 -0.091377 0.265412 21.873000 38.127000 -1.000000
-40.684000 -0.180920 74.614000 -0.000523 -0.139229 0.081619 55.684000 4.316000 1.000000
-2.727000 -0.030695 43.907900 -0.000173 -0.085605 0.187992 2.273000 57.727000 1.000000
-3.105000 -0.029339 36.581000 -0.000123 -0.097869 0.244486 1.895000 58.105000 1.000000
-2.455000 -0.017333 25.245500 -0.000079 -0.078597 0.364751 2.545000 57.455000 1.000000
-24.291000 -0.036372 19.494500 -0.018000 -0.085923 0.267214 39.291000 20.709000 -1.000000
-42.036000 -0.181040 74.610400 -0.018000 -0.124292 0.059892 57.036000 2.964000 -1.000000
-16.144000 -0.039017 -56.484900 -0.018000 -0.114264 -0.426520 31.144000 28.856000 -1.000000
-61.019000 -0.182778 72.858600 -0.000335 -0.097226 0.083607 76.019000 -16.019000 1.000000
-40.899000 -0.181631 70.529400 -0.000382 -0.096355 0.070049 55.899000 4.101000 1.000000
-2.568000 -0.014349 28.513200 -0.000078 -0.080343 0.321855 2.432000 57.568000 1.000000
-35.931000 -0.163998 70.009800 -0.000528 -0.087850 0.067458 50.931000 9.069000 1.000000
4.463000 -0.033475 65.920700 -0.018000 -0.090266 -0.025395 9.463000 50.537000 -1.000000
-41.876000 -0.179719 72.410800 -0.000499 -0.096535 0.086677 56.876000 3.124000 1.000000
-41.130000 -0.179737 73.106800 -0.000211 -0.124077 0.065021 56.130000 3.870000 1.000000
-41.370000 -0.180955 75.431400 -0.000172 -0.124133 0.093299 56.370000 3.630000 1.000000
-40.310000 -0.181166 73.413200 -0.000296 -0.120071 0.098553 55.310000 4.690000 1.000000
-41.241000 -0.180925 74.786900 -0.000242 -0.124103 0.092353 56.241000 3.759000 1.000000
-41.643000 -0.180948 72.535500 -0.000437 -0.096492 0.066683 56.643000 3.357000 1.000000
-41.643000 -0.180948 72.535500 -0.000437 -0.096492 0.066683 56.643000 3.357000 1.000000
-41.643000 -0.180948 72.535500 -0.000437 -0.096492 0.066683 56.643000 3.357000 1.000000
-41.287000 -0.180687 73.761800 -0.000234 -0.124114 0.081918 56.287000 3.713000 1.000000
-41.479000 -0.179166 72.355700 -0.000421 -0.096462 0.064290 56.479000 3.521000 1.000000
-41.241000 -0.180925 74.786900 -0.000242 -0.124103 0.092353 56.241000 3.759000 1.000000
-41.643000 -0.180948 72.535500 -0.000437 -0.096492 0.066683 56.643000 3.357000 1.000000
-40.310000 -0.181166 73.413200 -0.000296 -0.120071 0.098553 55.310000 4.690000 1.000000
-41.643000 -0.180948 72.535500 -0.000437 -0.096492 0.066683 56.643000 3.357000 1.000000
-40.460000 -0.180135 75.230200 -0.000242 -0.123918 0.093969 55.460000 4.540000 1.000000
-1.118000 -0.027266 38.818000 -0.000107 -0.096446 0.248672 3.882000 56.118000 1.000000
-41.479000 -0.179166 72.355700 -0.000421 -0.096462 0.064290 56.479000 3.521000 1.000000
-41.643000 -0.180948 72.535500 -0.000437 -0.096492 0.066683 56.643000 3.357000 1.000000
-8.197000 -0.022289 19.283200 -0.018000 -0.083043 0.453676 -3.197000 63.197000 -1.000000
-52.684000 -0.181966 71.077100 -0.000273 -0.094668 0.066871 67.684000 -7.684000 1.000000
-41.488000 -0.181155 72.113400 -0.000351 -0.096464 0.067122 56.488000 3.512000 1.000000
-41.643000 -0.180948 72.535500 -0.000437 -0.096492 0.066683 56.643000 3.357000 1.000000
-46.342000 -0.179065 71.973400 -0.000312 -0.096437 0.067812 61.342000 -1.342000 1.000000
-41.450000 -0.181194 72.573400 -0.000273 -0.096457 0.068214 56.450000 3.550000 1.000000
4.810000 -0.017425 24.853700 -0.000083 -0.086413 0.385804 9.810000 50.190000 1.000000
-2.990000 -0.020998 20.112100 -0.000084 -0.080283 0.474182 2.010000 57.990000 1.000000
-41.513000 -0.178610 72.852500 -0.000382 -0.096468 0.062692 56.513000 3.487000 1.000000
-41.547000 -0.178047 72.685900 -0.000367 -0.096475 0.061939 56.547000 3.453000 1.000000
-41.617000 -0.182426 76.293300 -0.000304 -0.120371 0.090683 56.617000 3.383000 1.000000
-59.371000 -0.182411 73.177100 -0.000226 -0.118664 0.092101 74.371000 -14.371000 1.000000
-41.617000 -0.182426 76.293300 -0.000304 -0.120371 0.090683 56.617000 3.383000 1.000000
-41.769000 -0.180770 75.682800 -0.000250 -0.120406 0.094598 56.769000 3.231000 1.000000
-41.643000 -0.180948 72.535500 -0.000437 -0.096492 0.066683 56.643000 3.357000 1.000000
-41.643000 -0.180948 72.535500 -0.000437 -0.096492 0.066683 56.643000 3.357000 1.000000
-41.643000 -0.180948 72.535500 -0.000437 -0.096492 0.066683 56.643000 3.357000 1.000000
-41.643000 -0.180948 72.535500 -0.000437 -0.096492 0.066683 56.643000 3.357000 1.000000
-41.923000 -0.180593 72.242400 -0.000515 -0.096544 0.100763 56.923000 3.077000 1.000000
-41.675000 -0.180582 73.044400 -0.000398 -0.096498 0.067862 56.675000 3.325000 1.000000
-40.784000 -0.181946 73.447400 -0.000179 -0.123995 0.098080 55.784000 4.216000 1.000000
-41.241000 -0.180925 74.786900 -0.000242 -0.124103 0.092353 56.241000 3.759000 1.000000
-0.884000 -0.031554 38.672900 -0.000072 -0.086182 0.254396 4.116000 55.884000 1.000000
-17.364000 -0.032115 23.761200 -0.018000 -0.093756 0.208412 -12.364000 72.364000 -1.000000
-9.158000 -0.017076 22.478600 -0.018000 -0.082904 0.373490 -4.158000 64.158000 -1.000000
-51.195000 -0.178299 71.645000 -0.000211 -0.096340 0.065474 66.195000 -6.195000 1.000000
-40.684000 -0.180920 74.614000 -0.000523 -0.139229 0.081619 55.684000 4.316000 1.000000
-41.241000 -0.180925 74.786900 -0.000242 -0.124103 0.092353 56.241000 3.759000 1.000000
-41.836000 -0.182004 72.378800 -0.000491 -0.100351 0.067173 56.836000 3.164000 1.000000
-22.978000 -0.021116 24.668400 -0.018000 -0.079291 0.130285 -17.978000 77.978000 -1.000000
-41.640000 -0.179942 72.343600 -0.000382 -0.096492 0.063954 56.640000 3.360000 1.000000
-41.407000 -0.182997 72.609900 -0.000460 -0.097786 0.064794 56.407000 3.593000 1.000000
-0.702000 -0.026096 41.496500 -0.000175 -0.080608 0.204927 4.298000 55.702000 1.000000
-4.413000 -0.033062 43.243100 -0.018000 -0.099401 0.156943 0.587000 59.413000 -1.000000
-244.361000 -0.229745 44.923500 -0.000238 -0.158726 0.051612 259.361000 -199.361000 1.000000
1.453000 -0.020072 23.314700 -0.018000 -0.086479 0.315804 6.453000 53.547000 -1.000000
-41.260000 -0.179694 75.880600 -0.000460 -0.120289 0.093780 56.260000 3.740000 1.000000
-26.777000 -0.081949 -17.586200 -0.018000 -0.086327 -0.724011 41.777000 18.223000 -1.000000
-41.396000 -0.179666 72.548400 -0.000328 -0.096447 0.064908 56.396000 3.604000 1.000000
-41.812000 -0.181343 72.691200 -0.000491 -0.096524 0.067542 56.812000 3.188000 1.000000
1.442000 -0.016679 25.727500 -0.000072 -0.086652 0.388597 6.442000 53.558000 1.000000
-4.407000 -0.018203 23.058000 -0.000086 -0.080083 0.408197 0.593000 59.407000 1.000000
-2.962000 -0.019737 21.463300 -0.000086 -0.087330 0.451441 2.038000 57.962000 1.000000
-49.485000 -0.181091 71.269100 -0.000413 -0.090201 0.068381 64.485000 -4.485000 1.000000
-5.341000 -0.017855 24.940200 -0.000091 -0.086966 0.357050 -0.341000 60.341000 1.000000
-3.317000 -0.027422 32.014900 -0.000170 -0.089035 0.284450 1.683000 58.317000 1.000000
-41.675000 -0.180582 73.044400 -0.000398 -0.096498 0.067862 56.675000 3.325000 1.000000
-41.535000 -0.180926 72.132800 -0.000398 -0.096473 0.068799 56.535000 3.465000 1.000000
-40.988000 -0.180232 71.364100 -0.000491 -0.100189 0.068054 55.988000 4.012000 1.000000
-1.794000 -0.015351 30.932500 -0.000072 -0.077630 0.291196 3.206000 56.794000 1.000000
-41.643000 -0.180948 72.535500 -0.000437 -0.096492 0.066683 56.643000 3.357000 1.000000
-41.812000 -0.181343 72.691200 -0.000491 -0.096524 0.067542 56.812000 3.188000 1.000000
-41.617000 -0.182426 76.293300 -0.000304 -0.120371 0.090683 56.617000 3.383000 1.000000
-41.020000 -0.179383 75.809700 -0.000218 -0.120234 0.094118 56.020000 3.980000 1.000000
-41.867000 -0.183194 72.018300 -0.000382 -0.096534 0.065186 56.867000 3.133000 1.000000
-41.812000 -0.181343 72.691200 -0.000491 -0.096524 0.067542 56.812000 3.188000 1.000000
-42.057000 -0.181813 71.460300 -0.000523 -0.096569 0.099594 57.057000 2.943000 1.000000
-41.876000 -0.179719 72.410800 -0.000499 -0.096535 0.086677 56.876000 3.124000 1.000000
-51.206000 -0.179741 73.785900 -0.000335 -0.096412 0.066050 66.206000 -6.206000 1.000000
-41.422000 -0.181371 72.208700 -0.000476 -0.100272 0.068042 56.422000 3.578000 1.000000
-41.200000 -0.181385 71.845600 -0.000351 -0.096411 0.068766 56.200000 3.800000 1.000000
-4.416000 -0.016941 25.721900 -0.000085 -0.087107 0.366497 0.584000 59.416000 1.000000
-41.923000 -0.180593 72.242400 -0.000515 -0.096544 0.100763 56.923000 3.077000 1.000000
-41.713000 -0.180313 73.141700 -0.000421 -0.096505 0.065318 56.713000 3.287000 1.000000
-1.973000 -0.014497 28.697500 -0.000050 -0.083955 0.331655 3.027000 56.973000 1.000000
-53.167000 -0.182814 71.277500 -0.018000 -0.094757 0.058492 68.167000 -8.167000 -1.000000
-41.096000 -0.181248 75.648900 -0.000242 -0.124069 0.089599 56.096000 3.904000 1.000000
-4.741000 -0.020660 21.905500 -0.000086 -0.087057 0.429900 0.259000 59.741000 1.000000
-40.890000 -0.178856 75.486300 -0.000273 -0.120204 0.091493 55.890000 4.110000 1.000000
-3.308000 -0.013358 30.035600 -0.000082 -0.087277 0.310570 1.692000 58.308000 1.000000
-4.564000 -0.016978 22.588300 -0.000084 -0.087084 0.407897 0.436000 59.564000 1.000000
-2.179000 -0.022152 22.437600 -0.000086 -0.083924 0.426889 2.821000 57.179000 1.000000
-41.590000 -0.179637 73.606900 -0.000897 -0.096483 0.066622 56.590000 3.410000 1.000000
-41.676000 -0.180933 71.482700 -0.000523 -0.096499 0.099197 56.676000 3.324000 1.000000
-2.179000 -0.022152 22.437600 -0.000086 -0.083924 0.426889 2.821000 57.179000 1.000000
-3.590000 -0.019659 21.995000 -0.000086 -0.080198 0.425789 1.410000 58.590000 1.000000
-2.535000 -0.016822 23.351000 -0.000081 -0.083871 0.398827 2.465000 57.535000 1.000000
-51.236000 -0.179969 69.777200 -0.000398 -0.094401 0.069475 66.236000 -6.236000 1.000000
-41.904000 -0.180660 71.797200 -0.000328 -0.096541 0.067819 56.904000 3.096000 1.000000
-42.021000 -0.181818 71.853900 -0.000546 -0.096562 0.097187 57.021000 2.979000 1.000000
-41.617000 -0.182426 76.293300 -0.000304 -0.120371 0.090683 56.617000 3.383000 1.000000
-41.617000 -0.182426 76.293300 -0.000304 -0.120371 0.090683 56.617000 3.383000 1.000000
-41.923000 -0.180593 72.242400 -0.000515 -0.096544 0.100763 56.923000 3.077000 1.000000
-41.479000 -0.179166 72.355700 -0.000421 -0.096462 0.064290 56.479000 3.521000 1.000000
-41.927000 -0.180066 72.624500 -0.000437 -0.096545 0.064828 56.927000 3.073000 1.000000
-42.076000 -0.180656 72.724500 -0.000499 -0.096572 0.088683 57.076000 2.924000 1.000000
-41.817000 -0.180799 72.086000 -0.000382 -0.096525 0.065799 56.817000 3.183000 1.000000
-42.163000 -0.182456 72.566800 -0.000437 -0.096588 0.085560 57.163000 2.837000 1.000000
-41.718000 -0.181354 71.837200 -0.000437 -0.096506 0.068682 56.718000 3.282000 1.000000
-41.970000 -0.180544 72.440000 -0.000491 -0.096553 0.065375 56.970000 3.030000 1.000000
-42.362000 -0.178911 68.033800 -0.000487 -0.098510 0.075720 57.362000 2.638000 1.000000
0.750000 -0.036417 24.925300 -0.018000 -0.087671 -0.068445 14.250000 45.750000 -1.000000
-38.937000 -0.177020 72.532000 -0.000384 -0.095996 0.070301 53.937000 6.063000 1.000000
-43.781000 -0.178398 72.304900 -0.000593 -0.093243 0.099520 58.781000 1.219000 1.000000
-41.066000 -0.182039 70.937900 -0.000452 -0.096386 0.068868 56.066000 3.934000 1.000000
-42.076000 -0.180656 72.724500 -0.000499 -0.096572 0.088683 57.076000 2.924000 1.000000
-41.718000 -0.181354 71.837200 -0.000437 -0.096506 0.068682 56.718000 3.282000 1.000000
-41.756000 -0.180941 71.792300 -0.000437 -0.096513 0.069062 56.756000 3.244000 1.000000
-42.086000 -0.181435 72.512000 -0.000452 -0.096574 0.086381 57.086000 2.914000 1.000000
-41.884000 -0.176657 67.052900 -0.000487 -0.098418 0.073079 56.884000 3.116000 1.000000
-41.808000 -0.180532 72.514600 -0.000413 -0.096523 0.089416 56.808000 3.192000 1.000000
-4.435000 -0.017767 23.070400 -0.000084 -0.087104 0.407738 0.565000 59.435000 1.000000
-40.839000 -0.182696 71.073900 -0.000515 -0.096344 0.101442 55.839000 4.161000 1.000000
-3.627000 -0.013443 27.171700 -0.000082 -0.080193 0.326792 1.373000 58.627000 1.000000
-41.812000 -0.181343 72.691200 -0.000491 -0.096524 0.067542 56.812000 3.188000 1.000000
-41.676000 -0.180933 71.482700 -0.000523 -0.096499 0.099197 56.676000 3.324000 1.000000
-4.790000 -0.018257 22.472000 -0.000085 -0.080029 0.410448 0.210000 59.790000 1.000000
-42.045000 -0.178542 67.635600 -0.000487 -0.098449 0.072062 57.045000 2.955000 1.000000
-48.223000 -0.187533 66.624600 -0.000427 -0.101623 0.068839 63.223000 -3.223000 1.000000
-122.059000 -0.044831 21.627900 -0.018000 -0.065418 -0.048043 -117.059000 177.059000 -1.000000
-40.180000 -0.180231 69.560300 -0.000421 -0.096223 0.070135 55.180000 4.820000 1.000000
-3.121000 -0.014742 29.118400 -0.000084 -0.087305 0.319968 1.879000 58.121000 1.000000
-40.588000 -0.182090 74.904700 -0.000515 -0.139204 0.081488 55.588000 4.412000 1.000000
-41.969000 -0.179009 66.749400 -0.000487 -0.098435 0.073772 56.969000 3.031000 1.000000
-41.365000 -0.179717 73.174200 -0.000351 -0.100070 0.064945 56.365000 3.635000 1.000000
-41.812000 -0.181343 72.691200 -0.000491 -0.096524 0.067542 56.812000 3.188000 1.000000
-42.589000 -0.178427 67.497300 -0.000456 -0.098554 0.068244 57.589000 2.411000 1.000000
-41.976000 -0.178172 67.700500 -0.000495 -0.098436 0.072454 56.976000 3.024000 1.000000
-41.969000 -0.182035 72.308600 -0.000437 -0.096553 0.065659 56.969000 3.031000 1.000000
-41.542000 -0.179706 72.638800 -0.000437 -0.096474 0.063513 56.542000 3.458000 1.000000
-4.328000 -0.020943 22.392800 -0.000086 -0.080094 0.411255 0.672000 59.328000 1.000000
-4.328000 -0.020943 22.392800 -0.000086 -0.080094 0.411255 0.672000 59.328000 1.000000
-39.368000 -0.177445 67.621400 -0.000526 -0.097938 0.068276 54.368000 5.632000 1.000000
-42.141000 -0.181290 72.453600 -0.000452 -0.096584 0.087016 57.141000 2.859000 1.000000
-41.322000 -0.180248 72.371600 -0.000499 -0.096433 0.083278 56.322000 3.678000 1.000000
1.682000 -0.023782 42.663800 -0.000102 -0.088050 0.219002 6.682000 53.318000 1.000000
-2.944000 -0.018566 22.352200 -0.000084 -0.080290 0.422997 2.056000 57.944000 1.000000
-1.045000 -0.020340 21.776600 -0.000085 -0.080559 0.445690 3.955000 56.045000 1.000000
-42.076000 -0.180656 72.724500 -0.000499 -0.096572 0.088683 57.076000 2.924000 1.000000
-33.521000 -0.170376 73.887000 -0.018000 -0.095018 0.086966 48.521000 11.479000 -1.000000
-42.086000 -0.181435 72.512000 -0.000452 -0.096574 0.086381 57.086000 2.914000 1.000000
-41.568000 -0.180803 72.404100 -0.000413 -0.096479 0.085919 56.568000 3.432000 1.000000
-40.371000 -0.181571 74.438000 -0.000530 -0.139146 0.081335 55.371000 4.629000 1.000000
-41.352000 -0.178991 67.710800 -0.000927 -0.098316 0.075218 56.352000 3.648000 1.000000
-46.647000 -0.185985 71.848800 -0.000571 -0.097424 0.097963 61.647000 -1.647000 1.000000
-41.916000 -0.180946 72.166300 -0.000421 -0.096543 0.068079 56.916000 3.084000 1.000000
-4.328000 -0.020943 22.392800 -0.000086 -0.080094 0.411255 0.672000 59.328000 1.000000
-4.328000 -0.020943 22.392800 -0.000086 -0.080094 0.411255 0.672000 59.328000 1.000000
-41.825000 -0.180635 72.338900 -0.000312 -0.096526 0.066429 56.825000 3.175000 1.000000
-47.304000 -0.181874 71.339400 -0.000624 -0.096614 0.093076 62.304000 -2.304000 1.000000
-3.081000 -0.018588 22.993600 -0.000081 -0.083791 0.408441 1.919000 58.081000 1.000000
-5.539000 -0.019043 21.873500 -0.000086 -0.079924 0.411391 -0.539000 60.539000 1.000000
-1.254000 -0.018975 22.441000 -0.000045 -0.086126 0.440815 3.746000 56.254000 1.000000
-42.215000 -0.181097 67.283600 -0.000495 -0.098482 0.068111 57.215000 2.785000 1.000000
-5.536000 -0.016603 22.787400 -0.000084 -0.085183 0.399299 -0.536000 60.536000 1.000000
-2.366000 -0.020379 22.390400 -0.000084 -0.080371 0.415654 2.634000 57.366000 1.000000
-9.355000 -0.018828 20.657800 -0.018000 -0.079393 0.407327 -4.355000 64.355000 -1.000000
-42.896000 -0.175661 72.726000 -0.000491 -0.096724 0.098648 57.896000 2.104000 1.000000
-42.493000 -0.182275 71.765000 -0.000593 -0.095310 0.096466 57.493000 2.507000 1.000000
-41.923000 -0.180593 72.242400 -0.000515 -0.096544 0.100763 56.923000 3.077000 1.000000
-40.703000 -0.179735 71.286800 -0.000476 -0.096319 0.067588 55.703000 4.297000 1.000000
-43.082000 -0.177303 67.965100 -0.000479 -0.098649 0.066463 58.082000 1.918000 1.000000
-41.871000 -0.180895 72.698200 -0.000452 -0.096535 0.084169 56.871000 3.129000 1.000000
-42.896000 -0.175661 72.726000 -0.000491 -0.096724 0.098648 57.896000 2.104000 1.000000
-44.020000 -0.181645 71.383500 -0.000429 -0.093286 0.101431 59.020000 0.980000 1.000000
-9.193000 -0.078216 -33.826000 -0.018000 -0.083546 -0.479649 24.193000 35.807000 -1.000000
-41.928000 -0.181105 72.646900 -0.000398 -0.096545 0.067145 56.928000 3.072000 1.000000
-41.833000 -0.180453 72.282000 -0.000538 -0.096527 0.084375 56.833000 3.167000 1.000000
-40.769000 -0.182568 74.652500 -0.000538 -0.139252 0.083171 55.769000 4.231000 1.000000
-1.484000 -0.014296 29.958400 -0.000048 -0.080497 0.318427 3.516000 56.484000 1.000000
-41.641000 -0.180319 72.544300 -0.000390 -0.096492 0.083392 56.641000 3.359000 1.000000
-41.876000 -0.179719 72.410800 -0.000499 -0.096535 0.086677 56.876000 3.124000 1.000000
-0.985000 -0.020400 19.884900 -0.000080 -0.092935 0.495978 4.015000 55.985000 1.000000
1.100000 -0.021299 31.704400 -0.000082 -0.074178 0.312996 6.100000 53.900000 1.000000
-42.819000 -0.183544 70.758100 -0.000833 -0.095369 0.089013 57.819000 2.181000 1.000000
-40.943000 -0.176518 68.376900 -0.000484 -0.098238 0.071267 55.943000 4.057000 1.000000
-41.923000 -0.180593 72.242400 -0.000515 -0.096544 0.100763 56.923000 3.077000 1.000000
-42.687000 -0.176497 72.683000 -0.000281 -0.096685 0.089370 57.687000 2.313000 1.000000
-4.831000 -0.023177 20.373200 -0.000086 -0.087043 0.457620 0.169000 59.831000 1.000000
-4.643000 -0.016182 23.562500 -0.000084 -0.080050 0.386642 0.357000 59.643000 1.000000
-42.141000 -0.181290 72.453600 -0.000452 -0.096584 0.087016 57.141000 2.859000 1.000000
-41.885000 -0.181913 72.817900 -0.000476 -0.096537 0.082541 56.885000 3.115000 1.000000
-41.226000 -0.180335 67.691400 -0.000503 -0.098292 0.062038 56.226000 3.774000 1.000000
-43.113000 -0.176763 72.268200 -0.000616 -0.096764 0.099787 58.113000 1.887000 1.000000
-42.896000 -0.175661 72.726000 -0.000491 -0.096724 0.098648 57.896000 2.104000 1.000000
-42.896000 -0.175661 72.726000 -0.000491 -0.096724 0.098648 57.896000 2.104000 1.000000
-41.969000 -0.182035 72.308600 -0.000437 -0.096553 0.065659 56.969000 3.031000 1.000000
-42.822000 -0.177187 72.647000 -0.000515 -0.096710 0.098537 57.822000 2.178000 1.000000
-3.244000 -0.020194 22.385800 -0.000086 -0.080247 0.419536 1.756000 58.244000 1.000000
-4.394000 -0.019089 22.966500 -0.000084 -0.083598 0.395107 0.606000 59.394000 1.000000
-3.486000 -0.018213 23.500000 -0.000083 -0.086489 0.400906 1.514000 58.486000 1.000000
-41.969000 -0.179009 66.749400 -0.000487 -0.098435 0.073772 56.969000 3.031000 1.000000
-155.353000 -0.037939 7.572620 -0.018000 -0.067829 1.035560 -150.353000 210.353000 -1.000000
-42.247000 -0.181350 72.560000 -0.000820 -0.098517 0.067086 57.247000 2.753000 1.000000
-41.933000 -0.181671 71.726300 -0.000569 -0.096546 0.096443 56.933000 3.067000 1.000000
-42.141000 -0.181290 72.453600 -0.000452 -0.096584 0.087016 57.141000 2.859000 1.000000
-51.205000 -0.180180 66.400300 -0.018000 -0.098288 0.099063 66.205000 -6.205000 -1.000000
-33.341000 -0.173555 73.102100 -0.000694 -0.096807 0.065682 48.341000 11.659000 1.000000
-42.583000 -0.177640 71.816500 -0.000515 -0.096666 0.094830 57.583000 2.417000 1.000000
-42.452000 -0.181050 72.446000 -0.000437 -0.096642 0.089023 57.452000 2.548000 1.000000
-42.176000 -0.180644 67.551700 -0.018000 -0.098474 0.073262 57.176000 2.824000 -1.000000
-42.667000 -0.177172 68.057100 -0.000479 -0.098569 0.068971 57.667000 2.333000 1.000000
-3.244000 -0.020194 22.385800 -0.000086 -0.080247 0.419536 1.756000 58.244000 1.000000
-2.366000 -0.020379 22.390400 -0.000084 -0.080371 0.415654 2.634000 57.366000 1.000000
-6.099000 -0.019878 22.564300 -0.000085 -0.079846 0.405069 -1.099000 61.099000 1.000000
-42.104000 -0.180227 72.289900 -0.000562 -0.095239 0.097232 57.104000 2.896000 1.000000
-40.246000 -0.181326 74.618500 -0.000538 -0.139113 0.076465 55.246000 4.754000 1.000000
-3.840000 -0.016703 25.874600 -0.000084 -0.087547 0.363648 1.160000 58.840000 1.000000
-41.927000 -0.180987 72.393900 -0.000445 -0.096545 0.100923 56.927000 3.073000 1.000000
-42.772000 -0.173938 73.786900 -0.000757 -0.093063 0.093577 57.772000 2.228000 1.000000
-42.667000 -0.177172 68.057100 -0.000479 -0.098569 0.068971 57.667000 2.333000 1.000000
-57.492000 -0.177918 67.992500 -0.000362 -0.098535 0.074242 72.492000 -12.492000 1.000000
-40.852000 -0.180398 66.899800 -0.018000 -0.098221 0.074312 55.852000 4.148000 -1.000000
-48.124000 -0.181815 71.031800 -0.000778 -0.095425 0.086687 63.124000 -3.124000 1.000000
-3.444000 -0.020934 21.880500 -0.000085 -0.087256 0.440099 1.556000 58.444000 1.000000
-2.535000 -0.017257 22.330500 -0.000084 -0.080347 0.422630 2.465000 57.535000 1.000000
-4.328000 -0.020943 22.392800 -0.000086 -0.080094 0.411255 0.672000 59.328000 1.000000
-4.328000 -0.020943 22.392800 -0.000086 -0.080094 0.411255 0.672000 59.328000 1.000000
-3.226000 -0.020217 21.167800 -0.000085 -0.087289 0.453073 1.774000 58.226000 1.000000
-3.523000 -0.018405 21.449200 -0.000084 -0.087244 0.443215 1.477000 58.523000 1.000000
-41.326000 -0.178334 71.275100 -0.000569 -0.096434 0.096612 56.326000 3.674000 1.000000
-5.115000 -0.018189 25.049800 -0.000086 -0.087000 0.363064 -0.115000 60.115000 1.000000
-43.633000 -0.184812 71.389700 -0.000935 -0.098971 0.078515 58.633000 1.367000 1.000000
-1.666000 -0.017821 23.944900 -0.000048 -0.084000 0.409566 3.334000 56.666000 1.000000
-43.633000 -0.184812 71.389700 -0.000935 -0.098971 0.078515 58.633000 1.367000 1.000000
-42.772000 -0.173938 73.786900 -0.000757 -0.093063 0.093577 57.772000 2.228000 1.000000
-3.244000 -0.020194 22.385800 -0.000086 -0.080247 0.419536 1.756000 58.244000 1.000000
-1.045000 -0.020340 21.776600 -0.000085 -0.080559 0.445690 3.955000 56.045000 1.000000
-41.679000 -0.177429 71.560100 -0.000601 -0.096499 0.091179 56.679000 3.321000 1.000000
-42.472000 -0.176035 72.517800 -0.000460 -0.097985 0.099156 57.472000 2.528000 1.000000
-41.909000 -0.178999 66.923800 -0.000487 -0.098423 0.070767 56.909000 3.091000 1.000000
-5.267000 -0.019113 21.538400 -0.000086 -0.086977 0.431772 -0.267000 60.267000 1.000000
-40.118000 -0.172787 73.920700 -0.000944 -0.096212 0.095197 55.118000 4.882000 1.000000
-42.183000 -0.176391 71.684800 -0.000515 -0.096592 0.097866 57.183000 2.817000 1.000000
-42.568000 -0.175630 72.658200 -0.000304 -0.096663 0.097895 57.568000 2.432000 1.000000
-42.430000 -0.176291 71.917200 -0.000796 -0.096638 0.096417 57.430000 2.570000 1.000000
-42.310000 -0.178794 72.393000 -0.000569 -0.096616 0.098262 57.310000 2.690000 1.000000
-42.788000 -0.177041 73.046100 -0.000866 -0.096704 0.099695 57.788000 2.212000 1.000000
-16.522000 -0.045495 127.293000 -0.018000 -0.085293 -0.021481 -11.522000 71.522000 -1.000000
-42.362000 -0.176314 73.044400 -0.000328 -0.096625 0.065563 57.362000 2.638000 1.000000
-5.904000 -0.020920 20.174000 -0.000086 -0.086880 0.466498 -0.904000 60.904000 1.000000
-45.111000 -0.174563 70.878000 -0.000788 -0.097328 0.094346 60.111000 -0.111000 1.000000
-42.091000 -0.178409 67.546400 -0.000440 -0.098458 0.065141 57.091000 2.909000 1.000000
-41.762000 -0.177610 66.927700 -0.000487 -0.098395 0.074884 56.762000 3.238000 1.000000
-42.822000 -0.177187 72.647000 -0.000515 -0.096710 0.098537 57.822000 2.178000 1.000000
-42.896000 -0.175661 72.726000 -0.000491 -0.096724 0.098648 57.896000 2.104000 1.000000
2.449000 -0.021867 19.908600 -0.000081 -0.097058 0.469995 7.449000 52.551000 1.000000
-53.127000 -0.177783 71.360600 -0.000491 -0.094750 0.097256 68.127000 -8.127000 1.000000
-42.568000 -0.175630 72.658200 -0.000304 -0.096663 0.097895 57.568000 2.432000 1.000000
-42.822000 -0.177187 72.647000 -0.000515 -0.096710 0.098537 57.822000 2.178000 1.000000
-41.531000 -0.177909 70.893400 -0.000460 -0.096472 0.102578 56.531000 3.469000 1.000000
-43.808000 -0.177592 70.650100 -0.018000 -0.098789 0.068331 58.808000 1.192000 -1.000000
-42.896000 -0.175661 72.726000 -0.000491 -0.096724 0.098648 57.896000 2.104000 1.000000
-43.113000 -0.177186 71.910500 -0.000624 -0.095040 0.098308 58.113000 1.887000 1.000000
-42.129000 -0.176501 73.150300 -0.000515 -0.097921 0.100412 57.129000 2.871000 1.000000
-3.379000 -0.022811 21.122900 -0.000086 -0.080228 0.445441 1.621000 58.379000 1.000000
1.577000 -0.024849 19.077800 -0.000081 -0.096055 0.496656 6.577000 53.423000 1.000000
-43.711000 -0.180679 71.894100 -0.000640 -0.093230 0.098576 58.711000 1.289000 1.000000
-3.617000 -0.018260 23.362900 -0.000084 -0.080195 0.399523 1.383000 58.617000 1.000000
-5.316000 -0.021500 21.735200 -0.000086 -0.079956 0.421470 -0.316000 60.316000 1.000000
-2.150000 -0.017920 22.420100 -0.000085 -0.080402 0.428002 2.850000 57.150000 1.000000
-0.564000 -0.020667 20.034800 -0.000051 -0.096541 0.494108 4.436000 55.564000 1.000000
-42.000000 -0.178056 70.916600 -0.000577 -0.094837 0.103947 57.000000 3.000000 1.000000
-0.981000 -0.016211 26.476300 -0.000078 -0.080568 0.360642 4.019000 55.981000 1.000000
-43.633000 -0.184812 71.389700 -0.000935 -0.098971 0.078515 58.633000 1.367000 1.000000
-42.502000 -0.176569 72.199700 -0.000593 -0.096651 0.096921 57.502000 2.498000 1.000000
-40.015000 -0.176000 69.809900 -0.000343 -0.100003 0.069879 55.015000 4.985000 1.000000
-19.731000 -0.017831 25.171100 -0.018000 -0.089956 0.151063 -14.731000 74.731000 -1.000000
-43.702000 -0.181381 72.372700 -0.000515 -0.093229 0.095625 58.702000 1.298000 1.000000
-40.283000 -0.173299 73.721800 -0.000624 -0.097576 0.098135 55.283000 4.717000 1.000000
-43.560000 -0.184091 71.329800 -0.000770 -0.098957 0.084784 58.560000 1.440000 1.000000
-43.307000 -0.182507 71.239300 -0.000880 -0.098909 0.087292 58.307000 1.693000 1.000000
-4.283000 -0.017422 20.982300 -0.000073 -0.085672 0.454798 0.717000 59.283000 1.000000
2.029000 -0.019122 20.957500 -0.000068 -0.096985 0.461854 7.029000 52.971000 1.000000
-41.984000 -0.177898 67.741500 -0.018000 -0.098437 0.076400 56.984000 3.016000 -1.000000
-0.980000 -0.017163 22.330200 -0.000081 -0.096470 0.443386 4.020000 55.980000 1.000000
-1.582000 -0.018131 23.368900 -0.000082 -0.082071 0.414358 3.418000 56.582000 1.000000
-4.328000 -0.020943 22.392800 -0.000086 -0.080094 0.411255 0.672000 59.328000 1.000000
-40.588000 -0.182090 74.904700 -0.000515 -0.139204 0.081488 55.588000 4.412000 1.000000
-41.130000 -0.181800 75.293000 -0.000530 -0.139348 0.088674 56.130000 3.870000 1.000000
-43.060000 -0.179251 71.141200 -0.000468 -0.096946 0.102450 58.060000 1.940000 1.000000
-9.895000 -0.025319 17.919800 -0.018000 -0.079985 0.305939 24.895000 35.105000 -1.000000
-43.909000 -0.181495 72.335600 -0.000694 -0.093266 0.093822 58.909000 1.091000 1.000000
-44.146000 -0.181052 71.687300 -0.000437 -0.093308 0.100692 59.146000 0.854000 1.000000
-39.389000 -0.182473 71.668800 -0.000562 -0.138886 0.087539 54.389000 5.611000 1.000000
-0.594000 -0.019457 23.031900 -0.000064 -0.096536 0.427308 4.406000 55.594000 1.000000
-41.616000 -0.181313 67.462500 -0.000542 -0.098367 0.063542 56.616000 3.384000 1.000000
-44.489000 -0.179644 71.812400 -0.000507 -0.093370 0.101453 59.489000 0.511000 1.000000
1.297000 -0.022431 19.829900 -0.000076 -0.096860 0.500892 6.297000 53.703000 1.000000
-43.466000 -0.179464 71.411800 -0.018000 -0.098939 0.091644 58.466000 1.534000 -1.000000
-41.911000 -0.176541 72.632100 -0.000335 -0.096542 0.100778 56.911000 3.089000 1.000000
-42.881000 -0.176969 72.122000 -0.000460 -0.096721 0.096232 57.881000 2.119000 1.000000
-16.720000 -0.036201 13.078100 -0.018000 -0.093860 0.615256 -11.720000 71.720000 -1.000000
0.883000 -0.020810 20.591600 -0.000080 -0.093243 0.465789 5.883000 54.117000 1.000000
-43.560000 -0.184091 71.329800 -0.000770 -0.098957 0.084784 58.560000 1.440000 1.000000
-38.653000 -0.182890 72.211400 -0.018000 -0.099934 0.081966 53.653000 6.347000 -1.000000
-43.560000 -0.184091 71.329800 -0.000770 -0.098957 0.084784 58.560000 1.440000 1.000000
-24.289000 -0.042005 11.465800 -0.018000 -0.092654 0.672358 -19.289000 79.289000 -1.000000
-32.141000 -0.181934 75.355000 -0.000694 -0.140750 0.081428 47.141000 12.859000 1.000000
-44.666000 -0.180603 71.843500 -0.000507 -0.093402 0.101038 59.666000 0.334000 1.000000
2.572000 -0.018035 22.473100 -0.000075 -0.088189 0.398951 7.572000 52.428000 1.000000
-46.326000 -0.180388 67.745000 -0.000852 -0.099278 0.070475 61.326000 -1.326000 1.000000
-44.666000 -0.181716 71.307300 -0.018000 -0.093402 0.100704 59.666000 0.334000 -1.000000
-42.228000 -0.181996 72.717500 -0.000936 -0.098705 0.085286 57.228000 2.772000 1.000000
-43.110000 -0.181438 71.121800 -0.000849 -0.098871 0.083769 58.110000 1.890000 1.000000
-44.666000 -0.180603 71.843500 -0.000507 -0.093402 0.101038 59.666000 0.334000 1.000000
-52.806000 -0.177661 71.192000 -0.000569 -0.094691 0.098123 67.806000 -7.806000 1.000000
-42.568000 -0.175630 72.658200 -0.000304 -0.096663 0.097895 57.568000 2.432000 1.000000
-43.633000 -0.184812 71.389700 -0.000935 -0.098971 0.078515 58.633000 1.367000 1.000000
-43.633000 -0.184812 71.389700 -0.000935 -0.098971 0.078515 58.633000 1.367000 1.000000
-43.033000 -0.182580 71.225800 -0.000770 -0.098857 0.090165 58.033000 1.967000 1.000000
-42.554000 -0.176825 72.578500 -0.000312 -0.096661 0.068940 57.554000 2.446000 1.000000
-24.114000 -0.038682 214.686000 -0.018000 -0.099080 -0.103837 39.114000 20.886000 -1.000000
-43.229000 -0.177313 69.509900 -0.000928 -0.093144 0.071447 58.229000 1.771000 1.000000
-43.228000 -0.184178 70.743900 -0.000770 -0.098894 0.088730 58.228000 1.772000 1.000000
-42.747000 -0.176275 72.570400 -0.000538 -0.096696 0.097338 57.747000 2.253000 1.000000
-40.588000 -0.182090 74.904700 -0.000515 -0.139204 0.081488 55.588000 4.412000 1.000000
-42.554000 -0.176825 72.578500 -0.000312 -0.096661 0.068940 57.554000 2.446000 1.000000
-47.051000 -0.179233 68.677800 -0.018000 -0.098450 0.065713 62.051000 -2.051000 -1.000000
-44.090000 -0.178298 72.306600 -0.000741 -0.093298 0.095964 59.090000 0.910000 1.000000
1.709000 -0.019233 29.428600 -0.000094 -0.079541 0.301072 6.709000 53.291000 1.000000
-30.131000 -0.175905 73.367800 -0.000561 -0.096214 0.098228 45.131000 14.869000 1.000000
-5.762000 -0.017948 22.232900 -0.000084 -0.090405 0.409821 -0.762000 60.762000 1.000000
1.754000 -0.021019 19.872900 -0.000080 -0.093387 0.488340 6.754000 53.246000 1.000000
-42.822000 -0.177187 72.647000 -0.000515 -0.096710 0.098537 57.822000 2.178000 1.000000
-42.896000 -0.175661 72.726000 -0.000491 -0.096724 0.098648 57.896000 2.104000 1.000000
-44.109000 -0.180050 71.923600 -0.000530 -0.093302 0.096117 59.109000 0.891000 1.000000
-44.105000 -0.181832 72.493700 -0.000694 -0.093301 0.093657 59.105000 0.895000 1.000000
-43.228000 -0.184178 70.743900 -0.000770 -0.098894 0.088730 58.228000 1.772000 1.000000
-40.577000 -0.174303 71.711900 -0.018000 -0.094962 0.100706 55.577000 4.423000 -1.000000
1.841000 -0.020732 19.465900 -0.000081 -0.095262 0.500559 6.841000 53.159000 1.000000
-34.044000 -0.178331 71.356000 -0.000437 -0.093290 0.102539 49.044000 10.956000 1.000000
-26.263000 -0.169190 66.393500 -0.018000 -0.102298 0.080529 41.263000 18.737000 -1.000000
-16.719000 -0.079648 -16.898300 -0.018000 -0.092106 -0.673421 31.719000 28.281000 -1.000000
-43.387000 -0.181002 72.183800 -0.000741 -0.093173 0.091528 58.387000 1.613000 1.000000
-44.146000 -0.181052 71.687300 -0.000437 -0.093308 0.100692 59.146000 0.854000 1.000000
-43.301000 -0.181884 71.092100 -0.000794 -0.098908 0.091965 58.301000 1.699000 1.000000
-3.007000 -0.015832 23.277300 -0.000083 -0.087323 0.407976 1.993000 58.007000 1.000000
1.283000 -0.045998 161.952000 -0.018000 -0.085568 0.020999 13.717000 46.283000 -1.000000
-39.065000 -0.156992 72.594000 -0.000835 -0.092217 0.074184 54.065000 5.935000 1.000000
-42.315000 -0.175085 72.309900 -0.000562 -0.096617 0.095120 57.315000 2.685000 1.000000
-43.899000 -0.178551 71.373400 -0.000686 -0.093264 0.099399 58.899000 1.101000 1.000000
-44.666000 -0.180603 71.843500 -0.000507 -0.093402 0.101038 59.666000 0.334000 1.000000
-44.666000 -0.180603 71.843500 -0.000507 -0.093402 0.101038 59.666000 0.334000 1.000000
0.319000 -0.022593 20.321200 -0.000068 -0.096692 0.474257 5.319000 54.681000 1.000000
-0.130000 -0.019555 19.420400 -0.000082 -0.096615 0.506212 4.870000 55.130000 1.000000
-40.969000 -0.182199 67.939200 -0.000507 -0.092743 0.106555 55.969000 4.031000 1.000000
0.288000 -0.013083 33.022900 -0.000044 -0.095838 0.290227 5.288000 54.712000 1.000000
-42.298000 -0.181544 73.452000 -0.000663 -0.100440 0.090949 57.298000 2.702000 1.000000
-40.742000 -0.174195 74.561200 -0.018000 -0.094610 0.081525 55.742000 4.258000 -1.000000
-44.146000 -0.181052 71.687300 -0.000437 -0.093308 0.100692 59.146000 0.854000 1.000000
-44.146000 -0.181052 71.687300 -0.000437 -0.093308 0.100692 59.146000 0.854000 1.000000
-1.852000 -0.023275 22.727300 -0.000048 -0.086036 0.429453 3.148000 56.852000 1.000000
-11.103000 -0.040225 12.316300 -0.018000 -0.091303 0.723958 -6.103000 66.103000 -1.000000
-44.146000 -0.181052 71.687300 -0.000437 -0.093308 0.100692 59.146000 0.854000 1.000000
-44.146000 -0.181052 71.687300 -0.000437 -0.093308 0.100692 59.146000 0.854000 1.000000
-44.666000 -0.180603 71.843500 -0.000507 -0.093402 0.101038 59.666000 0.334000 1.000000
-43.880000 -0.180040 72.259700 -0.000835 -0.093261 0.097812 58.880000 1.120000 1.000000
-5.004000 -0.017742 22.025600 -0.000085 -0.087017 0.424282 -0.004000 60.004000 1.000000
-4.358000 -0.020438 21.611900 -0.000085 -0.087116 0.433284 0.642000 59.358000 1.000000
-43.446000 -0.180755 71.267900 -0.000429 -0.093183 0.101961 58.446000 1.554000 1.000000
-42.517000 -0.176173 72.906800 -0.000866 -0.096654 0.096105 57.517000 2.483000 1.000000
-31.692000 -0.181672 66.054500 -0.000624 -0.099563 0.065775 46.692000 13.308000 1.000000
-14.976000 -0.045514 16.192600 -0.018000 -0.091814 0.210375 29.976000 30.024000 -1.000000
-43.774000 -0.180683 71.519300 -0.000468 -0.093242 0.101312 58.774000 1.226000 1.000000
-42.896000 -0.175661 72.726000 -0.000491 -0.096724 0.098648 57.896000 2.104000 1.000000
-41.976000 -0.181721 71.667800 -0.000452 -0.096554 0.100599 56.976000 3.024000 1.000000
-44.641000 -0.177249 72.571000 -0.000632 -0.093397 0.099403 59.641000 0.359000 1.000000
-45.303000 -0.180487 71.608300 -0.000645 -0.093516 0.100609 60.303000 -0.303000 1.000000
-42.202000 -0.182675 72.655700 -0.000874 -0.098700 0.083739 57.202000 2.798000 1.000000
-44.666000 -0.180603 71.843500 -0.000507 -0.093402 0.101038 59.666000 0.334000 1.000000
-44.666000 -0.180603 71.843500 -0.000507 -0.093402 0.101038 59.666000 0.334000 1.000000
0.898000 -0.020602 21.477400 -0.000078 -0.096791 0.455129 5.898000 54.102000 1.000000
-2.296000 -0.016958 24.901500 -0.000046 -0.083907 0.388950 2.704000 57.296000 1.000000
-3.955000 -0.017970 22.793000 -0.000084 -0.080147 0.406493 1.045000 58.955000 1.000000
0.048000 -0.023295 19.503500 -0.000085 -0.093105 0.497082 5.048000 54.952000 1.000000
-43.446000 -0.180755 71.267900 -0.000429 -0.093183 0.101961 58.446000 1.554000 1.000000
-44.027000 -0.178986 71.932300 -0.000507 -0.093287 0.101021 59.027000 0.973000 1.000000
-43.633000 -0.184812 71.389700 -0.000935 -0.098971 0.078515 58.633000 1.367000 1.000000
-43.440000 -0.182474 70.989000 -0.000794 -0.098934 0.086306 58.440000 1.560000 1.000000
-43.915000 -0.180714 71.783600 -0.000538 -0.093267 0.099941 58.915000 1.085000 1.000000
-44.666000 -0.180603 71.843500 -0.000507 -0.093402 0.101038 59.666000 0.334000 1.000000
-42.638000 -0.179215 70.625700 -0.000585 -0.093039 0.105056 57.638000 2.362000 1.000000
0.032000 -0.015467 22.735800 -0.000063 -0.093103 0.429241 5.032000 54.968000 1.000000
-43.446000 -0.180755 71.267900 -0.000429 -0.093183 0.101961 58.446000 1.554000 1.000000
-42.896000 -0.175661 72.726000 -0.000491 -0.096724 0.098648 57.896000 2.104000 1.000000
-40.588000 -0.182090 74.904700 -0.000515 -0.139204 0.081488 55.588000 4.412000 1.000000
-40.588000 -0.182090 74.904700 -0.000515 -0.139204 0.081488 55.588000 4.412000 1.000000
-31.340000 -0.179580 73.616800 -0.000663 -0.140539 0.094797 46.340000 13.660000 1.000000
-39.787000 -0.175282 73.118300 -0.018000 -0.092534 0.101345 54.787000 5.213000 -1.000000
-44.146000 -0.181052 71.687300 -0.000437 -0.093308 0.100692 59.146000 0.854000 1.000000
-43.654000 -0.181585 70.975000 -0.000429 -0.093220 0.102556 58.654000 1.346000 1.000000
4.246000 -0.020057 22.534900 -0.000078 -0.097631 0.389893 10.754000 49.246000 1.000000
-48.806000 -0.187273 70.645200 -0.018000 -0.094151 0.100173 63.806000 -3.806000 -1.000000
-43.810000 -0.181687 71.205900 -0.000429 -0.093248 0.103377 58.810000 1.190000 1.000000
-44.146000 -0.181052 71.687300 -0.000437 -0.093308 0.100692 59.146000 0.854000 1.000000
-44.359000 -0.178971 72.204900 -0.000593 -0.093346 0.097554 59.359000 0.641000 1.000000
-43.472000 -0.180758 71.621300 -0.000413 -0.093188 0.100315 58.472000 1.528000 1.000000
0.491000 -0.023337 19.116100 -0.000084 -0.095038 0.500523 5.491000 54.509000 1.000000
-34.252000 -0.179553 71.058300 -0.000733 -0.093327 0.100085 49.252000 10.748000 1.000000
-44.255000 -0.179635 71.698400 -0.000608 -0.093328 0.102076 59.255000 0.745000 1.000000
-4.179000 -0.019398 21.493900 -0.000084 -0.087143 0.436143 0.821000 59.179000 1.000000
-43.649000 -0.181955 71.205800 -0.000421 -0.093219 0.102590 58.649000 1.351000 1.000000
-43.932000 -0.180199 71.559800 -0.000538 -0.093270 0.101812 58.932000 1.068000 1.000000
0.883000 -0.020810 20.591600 -0.000080 -0.093243 0.465789 5.883000 54.117000 1.000000
0.883000 -0.020810 20.591600 -0.000080 -0.093243 0.465789 5.883000 54.117000 1.000000
-44.666000 -0.180603 71.843500 -0.000507 -0.093402 0.101038 59.666000 0.334000 1.000000
-44.788000 -0.179346 72.843600 -0.000585 -0.093423 0.099652 59.788000 0.212000 1.000000
1.256000 -0.025063 18.001200 -0.000084 -0.091679 0.524287 6.256000 53.744000 1.000000
-34.373000 -0.180012 71.818500 -0.000546 -0.093349 0.103294 49.373000 10.627000 1.000000
-8.209000 -0.018219 21.462700 -0.000087 -0.086530 0.404737 -3.209000 63.209000 1.000000
