73.091400 -0.000158 0.023208 3.091400 0.052429 39.316000 20.684000 1.000000 
75.292200 -0.000246 0.002924 5.292200 0.034719 54.014000 5.986000 1.000000 
72.303300 -0.000269 0.034207 2.303300 0.046730 27.563000 32.437000 1.000000 
71.649000 -0.000271 0.073624 1.649000 0.046453 30.061000 29.939000 1.000000 
74.728900 -0.000202 0.029545 4.728900 0.018324 40.147000 19.853000 1.000000 
70.598200 -0.000214 0.086094 0.598200 0.044046 52.527000 7.473000 1.000000 
72.487400 -0.000252 0.075258 2.487400 0.043017 36.183000 23.817000 1.000000 
73.117300 -0.000187 0.081713 3.117300 0.047411 42.872000 17.128000 1.000000 
72.029200 -0.000167 0.076636 2.029200 0.039043 40.901000 19.099000 1.000000 
75.380200 -0.000584 0.075319 5.380200 0.063452 9.287000 50.713000 1.000000 
71.740500 -0.000156 0.081748 1.740500 0.046301 47.625000 12.375000 1.000000 
73.112800 -0.000135 0.072184 3.112800 0.033559 53.151000 6.849000 1.000000 
70.166200 -0.000489 0.111365 0.166200 0.052402 33.847000 26.153000 1.000000 
74.949800 -0.000777 0.092242 4.949800 0.034103 24.374000 35.626000 1.000000 
75.668300 -0.000198 0.102568 5.668300 0.027000 55.896000 4.104000 1.000000 
74.959900 -0.000373 0.102260 4.959900 0.027898 34.706000 25.294000 1.000000 
75.317000 -0.000274 0.093833 5.317000 0.020884 49.678000 10.322000 1.000000 
71.378600 -0.001210 0.093910 1.378600 0.005048 21.176000 38.824000 1.000000 
74.550900 -0.000601 0.104456 4.550900 0.019942 36.714000 23.286000 1.000000 
70.176000 -0.000496 0.094069 0.176000 0.002970 32.378000 27.622000 1.000000 
70.903300 -0.001049 0.093384 0.903300 0.027005 8.217000 51.783000 1.000000 
74.578200 -0.000518 0.105294 4.578200 0.026338 4.981000 55.019000 1.000000 
78.268100 -0.000113 0.112683 8.268100 0.066951 4.884000 55.116000 1.000000 
71.583000 -0.000616 0.117387 1.583000 0.033761 6.821000 53.179000 1.000000 
78.033900 -0.001063 0.115558 8.033900 0.008224 15.750000 44.250000 1.000000 
73.467000 -0.001189 0.114978 3.467000 0.005987 28.072000 31.928000 1.000000 
75.550200 -0.000621 0.115080 5.550200 0.049876 7.784000 52.216000 1.000000 
71.418000 -0.000449 0.136505 1.418000 0.043389 3.340000 56.660000 1.000000 
77.348900 -0.000756 0.109921 7.348900 0.009132 5.384000 54.616000 1.000000 
74.805100 -0.001366 0.112823 4.805100 0.011478 6.834000 53.166000 1.000000 
77.043300 -0.000486 0.123048 7.043300 0.054809 6.229000 53.771000 1.000000 
75.497000 -0.000372 0.121378 5.497000 0.076041 4.017000 55.983000 1.000000 
59.467100 -0.000177 0.056412 -10.532900 -0.034051 170.992000 -110.992000 1.000000 
62.296100 -0.000215 0.075863 -7.703900 -0.115335 199.193000 -139.193000 1.000000 
68.527500 -0.000347 0.079641 -1.472500 -0.038221 61.119000 -1.119000 1.000000 
47.280700 -0.000013 0.163678 -22.719300 0.080861 3.884000 56.116000 1.000000 
72.169900 -0.045000 0.066025 2.169900 -0.060090 43.230000 16.770000 -1.000000 
73.492000 -0.000130 0.082561 3.492000 -0.088457 72.074000 -12.074000 1.000000 
75.036400 -0.045000 0.091944 5.036400 -0.073421 52.699000 7.301000 -1.000000 
67.815600 -0.000345 -0.077014 -2.184400 -0.059926 94.069000 -34.069000 1.000000 
75.680300 -0.001176 -0.181700 5.680300 -0.075538 47.234000 12.766000 1.000000 
65.220300 -0.045000 0.109322 -4.779700 0.016233 34.004000 25.996000 -1.000000 
53.239900 -0.000574 0.170253 -16.760100 0.064165 10.735000 49.265000 1.000000 
69.902600 -0.000590 0.133383 -0.097400 0.043080 4.511000 55.489000 1.000000 
73.000500 -0.002031 0.097889 3.000500 -0.071850 118.421000 -58.421000 1.000000 
77.077200 -0.000675 0.089739 7.077200 -0.004637 68.677000 -8.677000 1.000000 
57.738900 -0.045000 0.150677 -12.261100 0.006130 20.787000 39.213000 -1.000000 
77.703700 -0.001091 0.109043 7.703700 0.002270 25.347000 34.653000 1.000000 
77.788500 -0.003095 0.080822 7.788500 -0.015458 9.078000 50.922000 1.000000 
63.038400 -0.000568 0.103206 -6.961600 0.039912 5.929000 54.071000 1.000000 
69.332400 -0.000751 0.125061 -0.667600 0.056067 11.954000 48.046000 1.000000 
43.684800 -0.000405 -0.015335 -26.315200 -0.104603 269.812000 -209.812000 1.000000 
66.013400 -0.000313 -0.016186 -3.986600 -0.107910 128.672000 -68.672000 1.000000 
71.932000 -0.002170 -0.129778 1.932000 -0.083858 43.557000 16.443000 1.000000 
74.376000 -0.045000 0.122987 4.376000 0.020418 23.727000 36.273000 -1.000000 
6.890130 -0.045000 0.953171 -63.109870 0.022373 -82.544000 142.544000 -1.000000 
73.394200 -0.000603 -0.033114 3.394200 -0.042454 82.368000 -22.368000 1.000000 
72.174000 -0.000425 0.054217 2.174000 -0.093880 106.317000 -46.317000 1.000000 
58.057500 -0.000511 0.170424 -11.942500 0.064709 6.162000 53.838000 1.000000 
74.999100 -0.000293 0.109872 4.999100 0.036413 63.169000 -3.169000 1.000000 
70.578500 -0.002098 0.098735 0.578500 -0.070253 86.950000 -26.950000 1.000000 
26.028300 -0.000013 0.326884 -43.971700 0.084779 4.920000 55.080000 1.000000 
28.368500 -0.000110 0.360393 -41.631500 0.088144 5.081000 54.919000 1.000000 
33.052500 -0.000136 0.309214 -36.947500 0.089320 7.668000 52.332000 1.000000 
73.899400 -0.001870 0.091193 3.899400 -0.058685 28.421000 31.579000 1.000000 
76.011000 -0.001533 0.076188 6.011000 -0.039261 25.478000 34.522000 1.000000 
78.022700 -0.001723 0.083264 8.022700 -0.009200 8.351000 51.649000 1.000000 
74.987300 -0.001045 -0.156740 4.987300 -0.072460 50.004000 9.996000 1.000000 
72.034000 -0.045000 0.098832 2.034000 -0.072298 118.003000 -58.003000 -1.000000 
68.234200 -0.000746 0.127769 -1.765800 0.053692 9.793000 50.207000 1.000000 
70.084900 -0.000475 0.133498 0.084900 0.040845 4.199000 55.801000 1.000000 
67.971500 -0.000751 0.128492 -2.028500 0.056627 12.033000 47.967000 1.000000 
32.447700 -0.000137 0.313045 -37.552300 0.089486 7.410000 52.590000 1.000000 
81.443000 -0.001969 0.107786 11.443000 0.016056 25.494000 34.506000 1.000000 
64.877200 -0.045000 0.130542 -5.122800 0.002167 27.697000 32.303000 -1.000000 
73.013300 -0.000674 -0.034835 3.013300 -0.042222 79.268000 -19.268000 1.000000 
73.563400 -0.000610 -0.035280 3.563400 -0.042592 84.791000 -24.791000 1.000000 
76.328700 -0.000295 0.100012 6.328700 0.035063 63.229000 -3.229000 1.000000 
69.861800 -0.045000 -0.126883 -0.138200 -0.083982 42.474000 17.526000 -1.000000 
10.757600 -0.045000 0.644198 -59.242400 0.045000 1.321000 58.679000 -1.000000 
68.073100 -0.000348 -0.126308 -1.926900 -0.061978 94.687000 -34.687000 1.000000 
65.751800 -0.000311 0.008721 -4.248200 -0.108210 127.975000 -67.975000 1.000000 
58.276200 -0.000220 0.168131 -11.723800 0.068299 3.757000 56.243000 1.000000 
55.920300 -0.045000 -0.199440 -14.079700 -0.095438 187.269000 -127.269000 -1.000000 
71.284600 -0.001435 0.090441 1.284600 -0.032014 27.032000 32.968000 1.000000 
68.346600 -0.002163 0.077758 -1.653400 -0.086807 114.706000 -54.706000 1.000000 
76.305700 -0.001184 -0.155956 6.305700 -0.077161 48.093000 11.907000 1.000000 
73.916400 -0.045000 0.093982 3.916400 -0.073609 51.252000 8.748000 -1.000000 
65.023500 -0.045000 0.106506 -4.976500 0.014325 34.036000 25.964000 -1.000000 
73.311400 -0.000298 0.112649 3.311400 0.036130 61.744000 -1.744000 1.000000 
72.059800 -0.000981 0.121747 2.059800 0.032330 5.231000 54.769000 1.000000 
78.105000 -0.000843 0.087595 8.105000 0.010527 58.987000 1.013000 1.000000 
74.581300 -0.000612 0.094307 4.581300 -0.072754 62.449000 -2.449000 1.000000 
79.552800 -0.000541 0.104441 9.552800 0.005445 4.121000 55.879000 1.000000 
74.787100 -0.000616 -0.043422 4.787100 -0.042901 84.779000 -24.779000 1.000000 
75.294800 -0.001099 -0.169502 5.294800 -0.076061 48.848000 11.152000 1.000000 
74.869200 -0.000784 0.092564 4.869200 -0.036280 75.092000 -15.092000 1.000000 
76.942900 -0.000165 0.123405 6.942900 0.040154 3.431000 56.569000 1.000000 
76.094100 -0.000285 0.111792 6.094100 0.006678 3.601000 56.399000 1.000000 
77.084900 -0.001084 0.110655 7.084900 0.031261 5.760000 54.240000 1.000000 
71.932000 -0.002170 -0.129778 1.932000 -0.083858 43.557000 16.443000 1.000000 
69.861800 -0.045000 -0.126883 -0.138200 -0.083982 42.474000 17.526000 -1.000000 
72.048400 -0.045000 0.074786 2.048400 -0.072927 55.206000 4.794000 -1.000000 
77.408300 -0.002934 0.098168 7.408300 -0.031431 17.426000 42.574000 1.000000 
75.543800 -0.001091 0.079927 5.543800 -0.075252 49.436000 10.564000 1.000000 
73.506000 -0.001884 -0.197814 3.506000 -0.057859 28.430000 31.570000 1.000000 
70.711800 -0.000218 0.057000 0.711800 -0.084782 106.836000 -46.836000 1.000000 
80.380500 -0.003001 -0.181642 10.380500 -0.010937 9.767000 50.233000 1.000000 
77.384300 -0.018000 0.110961 7.384300 0.001579 22.265000 37.735000 -1.000000 
76.825900 -0.018000 0.085351 6.825900 -0.023648 11.767000 48.233000 -1.000000 
71.809800 -0.045000 0.079526 1.809800 -0.041115 16.105000 43.895000 -1.000000 
75.001000 -0.000735 -0.151576 5.001000 -0.073825 52.793000 7.207000 1.000000 
70.291300 -0.000359 0.073346 0.291300 -0.081060 63.302000 -3.302000 1.000000 
78.553700 -0.018000 -0.076535 8.553700 -0.025808 18.069000 41.931000 -1.000000 
74.794300 -0.045000 0.077142 4.794300 -0.038037 26.270000 33.730000 -1.000000 
78.750400 -0.000158 0.084745 8.750400 0.012229 58.645000 1.355000 1.000000 
77.788500 -0.003095 0.080822 7.788500 -0.015458 9.078000 50.922000 1.000000 
77.317300 -0.003095 0.081168 7.317300 -0.015268 9.092000 50.908000 1.000000 
70.212900 -0.045000 0.076039 0.212900 -0.062103 62.762000 -2.762000 -1.000000 
50.048600 -0.045000 -0.248741 -19.951400 -0.010548 0.420000 59.580000 -1.000000 
70.939000 -0.000960 0.070943 0.939000 -0.078092 58.156000 1.844000 1.000000 
79.282700 -0.002711 -0.091082 9.282700 -0.031894 14.469000 45.531000 1.000000 
78.548100 -0.001717 0.083418 8.548100 -0.007810 8.300000 51.700000 1.000000 
76.831200 -0.000717 0.095705 6.831200 0.011138 58.736000 1.264000 1.000000 
68.876400 -0.000647 0.081702 -1.123600 -0.038394 61.325000 -1.325000 1.000000 
78.304400 -0.000499 0.088562 8.304400 0.010788 59.099000 0.901000 1.000000 
74.179800 -0.001939 0.091674 4.179800 -0.059215 27.991000 32.009000 1.000000 
75.404100 -0.001667 0.076568 5.404100 -0.036383 26.690000 33.310000 1.000000 
77.100100 -0.001121 0.117604 7.100100 0.001390 24.832000 35.168000 1.000000 
78.374700 -0.002858 0.092369 8.374700 -0.030952 18.409000 41.591000 1.000000 
76.358500 -0.000321 0.110339 6.358500 0.007260 3.647000 56.353000 1.000000 
77.649100 -0.001060 0.109809 7.649100 0.001447 25.218000 34.782000 1.000000 
75.211700 -0.001269 0.082119 5.211700 -0.075392 44.317000 15.683000 1.000000 
74.018700 -0.001891 0.094689 4.018700 -0.058486 28.125000 31.875000 1.000000 
72.318500 -0.045000 0.103828 2.318500 0.021570 32.532000 27.468000 -1.000000 
81.800700 -0.001085 0.103112 11.800700 0.016061 28.283000 31.717000 1.000000 
82.079500 -0.001770 0.094856 12.079500 0.009204 25.105000 34.895000 1.000000 
73.049600 -0.000248 0.079410 3.049600 -0.033300 42.796000 17.204000 1.000000 
79.576500 -0.000517 0.102313 9.576500 0.005627 4.180000 55.820000 1.000000 
75.884300 -0.000327 0.111997 5.884300 0.007334 3.637000 56.363000 1.000000 
78.173200 -0.001148 0.091812 8.173200 0.011033 56.072000 3.928000 1.000000 
74.084100 -0.000713 0.118403 4.084100 0.039911 4.342000 55.658000 1.000000 
77.099800 -0.000227 0.121242 7.099800 0.039852 3.472000 56.528000 1.000000 
77.035400 -0.000499 0.093578 7.035400 0.011453 58.516000 1.484000 1.000000 
78.277500 -0.001382 0.103473 8.277500 0.006201 6.117000 53.883000 1.000000 
69.734900 -0.001045 0.124986 -0.265100 0.036151 6.276000 53.724000 1.000000 
70.084900 -0.000475 0.133498 0.084900 0.040845 4.199000 55.801000 1.000000 
69.902600 -0.000590 0.133383 -0.097400 0.043080 4.511000 55.489000 1.000000 
75.298800 -0.000946 0.093607 5.298800 0.011136 54.555000 5.445000 1.000000 
78.599300 -0.001717 0.060257 8.599300 -0.009079 8.215000 51.785000 1.000000 
76.497300 -0.000907 0.097630 6.497300 0.010616 51.407000 8.593000 1.000000 
78.979500 -0.000517 0.102065 8.979500 0.005681 4.039000 55.961000 1.000000 
75.938500 -0.000927 0.100760 5.938500 -0.035833 37.751000 22.249000 1.000000 
78.069800 -0.000978 0.080042 8.069800 0.033922 8.513000 51.487000 1.000000 
77.816100 -0.001705 0.097853 7.816100 -0.007414 8.455000 51.545000 1.000000 
75.041600 -0.018000 0.089229 5.041600 -0.025608 12.193000 47.807000 -1.000000 
74.199900 -0.001884 0.091447 4.199900 -0.058913 28.475000 31.525000 1.000000 
73.899400 -0.001870 0.091193 3.899400 -0.058685 28.421000 31.579000 1.000000 
69.729200 -0.000479 0.132239 -0.270800 0.041079 4.130000 55.870000 1.000000 
77.703800 -0.003095 0.080480 7.703800 -0.015658 9.217000 50.783000 1.000000 
78.147500 -0.001235 0.112704 8.147500 0.001224 21.640000 38.360000 1.000000 
76.044100 -0.000873 0.103864 6.044100 0.004686 4.819000 55.181000 1.000000 
73.441300 -0.000365 0.124585 3.441300 0.042691 4.236000 55.764000 1.000000 
77.844200 -0.001638 0.098715 7.844200 -0.000914 7.197000 52.803000 1.000000 
78.116200 -0.001259 0.088165 8.116200 0.011097 50.420000 9.580000 1.000000 
77.600100 -0.000855 0.085917 7.600100 0.010211 57.481000 2.519000 1.000000 
78.688000 -0.001376 0.101157 8.688000 0.005811 6.175000 53.825000 1.000000 
78.277500 -0.001382 0.103473 8.277500 0.006201 6.117000 53.883000 1.000000 
80.177600 -0.001969 0.107567 10.177600 0.014788 18.450000 41.550000 1.000000 
70.415600 -0.000539 0.129506 0.415600 0.043065 4.431000 55.569000 1.000000 
71.901200 -0.045000 0.108544 1.901200 0.014535 13.805000 46.195000 -1.000000 
74.972200 -0.002282 0.115208 4.972200 0.009140 10.471000 49.529000 1.000000 
78.001400 -0.002063 0.104650 8.001400 0.022601 13.401000 46.599000 1.000000 
73.680200 -0.045000 0.118928 3.680200 0.002182 41.162000 18.838000 -1.000000 
81.695900 -0.001045 0.099796 11.695900 0.031937 7.756000 52.244000 1.000000 
68.589100 -0.045000 0.104454 -1.410900 0.029191 13.379000 46.621000 -1.000000 
77.688400 -0.001693 0.098730 7.688400 -0.006564 8.116000 51.884000 1.000000 
78.529800 -0.001097 0.081003 8.529800 0.031657 8.935000 51.065000 1.000000 
74.993100 -0.001270 0.122162 4.993100 0.001588 20.404000 39.596000 1.000000 
77.455400 -0.001230 0.094578 7.455400 0.000549 5.267000 54.733000 1.000000 
75.890500 -0.001717 0.101079 5.890500 -0.035543 25.160000 34.840000 1.000000 
68.326800 -0.000253 0.138778 -1.673200 0.038212 2.689000 57.311000 1.000000 
74.146600 -0.001446 0.104470 4.146600 0.016025 7.106000 52.894000 1.000000 
63.851000 -0.000307 0.053808 -6.149000 -0.081228 126.516000 -66.516000 1.000000 
64.743500 -0.000694 0.132287 -5.256500 0.060373 8.246000 51.754000 1.000000 
71.885100 -0.045000 0.031707 1.885100 0.003245 74.284000 -14.284000 -1.000000 
67.736300 -0.000373 0.149428 -2.263700 0.078202 8.176000 51.824000 1.000000 
70.184700 -0.000040 0.133435 0.184700 0.045205 2.366000 57.634000 1.000000 
71.762600 -0.000769 0.095436 1.762600 -0.098844 84.805000 -24.805000 1.000000 
61.520800 -0.000350 0.101028 -8.479200 -0.055441 207.005000 -147.005000 1.000000 
62.487400 -0.000863 -0.004941 -7.512600 -0.096179 84.158000 -24.158000 1.000000 
79.909400 -0.000228 0.115485 9.909400 0.027548 3.566000 56.434000 1.000000 
52.644100 -0.000050 0.178831 -17.355900 0.067481 2.373000 57.627000 1.000000 
71.712100 -0.000146 -0.210555 1.712100 -0.044261 65.044000 -5.044000 1.000000 
81.438500 -0.001889 0.090545 11.438500 0.015311 19.780000 40.220000 1.000000 
60.511000 -0.000291 0.141419 -9.489000 0.072591 9.495000 50.505000 1.000000 
68.178500 -0.045000 0.121817 -1.821500 0.031759 33.742000 26.258000 -1.000000 
70.922500 -0.000240 0.046898 0.922500 -0.033434 76.501000 -16.501000 1.000000 
61.712200 -0.001981 0.080373 -8.287800 -0.090893 139.113000 -79.113000 1.000000 
74.024700 -0.045000 0.107786 4.024700 -0.034632 37.227000 22.773000 -1.000000 
35.200500 -0.000015 0.280733 -34.799500 0.081088 3.950000 56.050000 1.000000 
59.081200 -0.045000 0.050248 -10.918800 -0.047343 143.311000 -83.311000 -1.000000 
62.864800 -0.045000 0.125308 -7.135200 0.045473 16.787000 43.213000 -1.000000 
65.948900 -0.000878 0.125639 -4.051100 0.047222 7.450000 52.550000 1.000000 
71.482000 -0.045000 0.054969 1.482000 -0.083271 85.105000 -25.105000 -1.000000 
47.726500 -0.000338 0.064721 -22.273500 -0.113865 259.567000 -199.567000 1.000000 
68.623100 -0.000029 0.132080 -1.376900 0.043603 2.367000 57.633000 1.000000 
44.112000 -0.000017 0.215879 -25.888000 0.084164 2.781000 57.219000 1.000000 
68.750000 -0.000475 0.052082 -1.250000 -0.100905 101.290000 -41.290000 1.000000 
54.423100 -0.000156 0.185462 -15.576900 0.074344 3.855000 56.145000 1.000000 
53.086000 -0.045000 -3.400700 -16.914000 -0.482442 43.149000 16.851000 -1.000000 
73.011500 -0.001223 -0.014619 3.011500 0.001442 61.979000 -1.979000 1.000000 
40.444200 -0.000237 0.260185 -29.555800 0.088235 12.415000 47.585000 1.000000 
58.702100 -0.045000 0.035109 -11.297900 0.015268 40.946000 19.054000 -1.000000 
64.862900 -0.000792 0.099404 -5.137100 -0.016392 67.501000 -7.501000 1.000000 
41.934600 -0.045000 0.242399 -28.065400 0.079054 14.650000 45.350000 -1.000000 
47.388600 -0.000406 0.205087 -22.611400 0.057900 2.195000 57.805000 1.000000 
71.813100 -0.000214 0.027685 1.813100 -0.059257 66.686000 -6.686000 1.000000 
56.211200 -0.000665 0.162625 -13.788800 0.063594 8.594000 51.406000 1.000000 
44.610000 -0.000410 0.230177 -25.390000 0.071951 6.027000 53.973000 1.000000 
70.611900 -0.045000 0.087534 0.611900 -0.038621 27.553000 32.447000 -1.000000 
60.105100 -0.000214 -0.017840 -9.894900 -0.094570 132.356000 -72.356000 1.000000 
62.747400 -0.001106 0.124738 -7.252600 0.032417 9.614000 50.386000 1.000000 
74.148400 -0.000414 0.101939 4.148400 -0.040178 63.933000 -3.933000 1.000000 
63.606400 -0.000080 -0.037485 -6.393600 -0.110957 169.433000 -109.433000 1.000000 
68.831700 -0.045000 -0.060079 -1.168300 0.019854 23.328000 36.672000 -1.000000 
64.652100 -0.000121 0.078099 -5.347900 -0.052124 172.056000 -112.056000 1.000000 
63.545700 -0.000215 0.069587 -6.454300 -0.105572 204.016000 -144.016000 1.000000 
41.361400 -0.000402 0.244718 -28.638600 0.079384 16.763000 43.237000 1.000000 
28.645100 -0.045000 0.094154 -41.354900 -0.123778 354.288000 -294.288000 -1.000000 
74.861000 -0.000271 0.076264 4.861000 -0.017139 55.617000 4.383000 1.000000 
40.367000 -0.000022 0.241005 -29.633000 0.085472 3.051000 56.949000 1.000000 
62.530500 -0.045000 0.086581 -7.469500 -0.075186 139.050000 -79.050000 -1.000000 
55.124800 -0.000272 0.158631 -14.875200 0.083836 9.938000 50.062000 1.000000 
64.006000 -0.045000 0.080027 -5.994000 -0.073350 186.189000 -126.189000 -1.000000 
66.504800 -0.000238 0.068695 -3.495200 -0.071005 96.350000 -36.350000 1.000000 
72.218500 -0.000729 0.075165 2.218500 -0.042023 74.529000 -14.529000 1.000000 
60.098100 -0.045000 0.107733 -9.901900 0.019792 43.431000 16.569000 -1.000000 
45.343800 -0.045000 0.207310 -24.656200 0.068915 26.829000 33.171000 -1.000000 
48.738300 -0.000053 0.201749 -21.261700 0.085759 4.617000 55.383000 1.000000 
68.558300 -0.000134 0.145229 -1.441700 0.078355 3.412000 56.588000 1.000000 
75.430000 -0.000315 -0.031783 5.430000 -0.066698 101.135000 -41.135000 1.000000 
70.053000 -0.045000 0.106500 0.053000 -0.004406 31.658000 28.342000 -1.000000 
73.939800 -0.045000 -0.033727 3.939800 0.023966 29.395000 30.605000 -1.000000 
72.686000 -0.045000 0.083857 2.686000 -0.046750 26.114000 33.886000 -1.000000 
64.203900 -0.000324 0.154678 -5.796100 0.080790 9.344000 50.656000 1.000000 
53.739800 -0.000534 0.181890 -16.260200 0.073696 11.762000 48.238000 1.000000 
69.691600 -0.000174 0.092408 -0.308400 -0.023937 143.806000 -83.806000 1.000000 
76.670300 -0.001142 0.087279 6.670300 0.004849 14.296000 45.704000 1.000000 
59.699900 -0.000234 0.169168 -10.300100 0.085118 4.950000 55.050000 1.000000 
31.748400 -0.000186 0.296067 -38.251600 0.087051 1.720000 58.280000 1.000000 
67.909100 -0.045000 0.068315 -2.090900 -0.067900 87.546000 -27.546000 -1.000000 
71.877900 -0.001404 0.109153 1.877900 -0.014090 38.453000 21.547000 1.000000 
63.248800 -0.001186 0.142138 -6.751200 0.022450 5.712000 54.288000 1.000000 
29.130000 -0.000241 0.341929 -40.870000 0.084029 14.901000 45.099000 1.000000 
63.630700 -0.001373 0.112657 -6.369300 -0.016726 33.392000 26.608000 1.000000 
78.840400 -0.001688 0.066551 8.840400 0.040610 12.547000 47.453000 1.000000 
61.829300 -0.045000 0.075180 -8.170700 -0.111059 122.799000 -62.799000 -1.000000 
43.620400 -0.000062 0.219525 -26.379600 0.089190 4.037000 55.963000 1.000000 
58.154200 -0.000391 0.163498 -11.845800 0.065585 3.396000 56.604000 1.000000 
48.738200 -0.000050 0.186333 -21.261800 0.066473 2.239000 57.761000 1.000000 
71.896800 -0.000745 0.096746 1.896800 -0.008879 58.043000 1.957000 1.000000 
65.395400 -0.000608 0.105618 -4.604600 0.011991 59.208000 0.792000 1.000000 
69.972200 -0.000538 0.087215 -0.027800 -0.093091 75.934000 -15.934000 1.000000 
74.981900 -0.001075 0.013124 4.981900 -0.016399 26.341000 33.659000 1.000000 
72.248800 -0.000664 -0.253718 2.248800 -0.034935 89.190000 -29.190000 1.000000 
54.633100 -0.045000 0.134883 -15.366900 0.049824 18.427000 41.573000 -1.000000 
47.143300 -0.045000 -2.066590 -22.856700 -0.347441 3.155000 56.845000 -1.000000 
67.372000 -0.045000 0.007709 -2.628000 -0.073042 94.140000 -34.140000 -1.000000 
25.860900 -0.000024 0.380711 -44.139100 0.084596 2.887000 57.113000 1.000000 
46.712300 -0.000309 0.213903 -23.287700 0.084725 2.626000 57.374000 1.000000 
75.655300 -0.000381 0.075237 5.655300 0.054054 4.413000 55.587000 1.000000 
76.027300 -0.002053 0.090841 6.027300 -0.062251 49.158000 10.842000 1.000000 
60.519500 -0.045000 0.142122 -9.480500 0.060264 19.921000 40.079000 -1.000000 
75.049800 -0.000706 0.083713 5.049800 -0.005483 49.442000 10.558000 1.000000 
74.159300 -0.000240 0.073463 4.159300 -0.028264 55.033000 4.967000 1.000000 
53.375300 -0.000722 0.176585 -16.624700 0.063041 8.259000 51.741000 1.000000 
74.239400 -0.045000 0.082474 4.239400 -0.058270 56.998000 3.002000 -1.000000 
78.544400 -0.001601 0.060199 8.544400 -0.038723 77.724000 -17.724000 1.000000 
71.692000 -0.000031 0.069034 1.692000 0.044383 3.136000 56.864000 1.000000 
73.079800 -0.000228 0.063204 3.079800 0.046111 31.411000 28.589000 1.000000 
70.038700 -0.002506 0.055742 0.038700 -0.101617 53.693000 6.307000 1.000000 
59.856500 -0.045000 0.062053 -10.143500 -0.094182 161.266000 -101.266000 -1.000000 
61.943000 -0.000158 0.061124 -8.057000 -0.093987 93.590000 -33.590000 1.000000 
62.682500 -0.000780 0.122701 -7.317500 -0.035010 101.888000 -41.888000 1.000000 
43.571400 -0.045000 0.057652 -26.428600 -0.081977 321.578000 -261.578000 -1.000000 
61.870100 -0.000380 0.156827 -8.129900 0.077443 7.733000 52.267000 1.000000 
71.948400 -0.000850 0.132109 1.948400 0.053110 9.723000 50.277000 1.000000 
73.512600 -0.045000 0.124926 3.512600 0.017654 13.667000 46.333000 -1.000000 
76.433600 -0.001652 0.087374 6.433600 -0.037525 32.661000 27.339000 1.000000 
74.771300 -0.001858 -0.193242 4.771300 -0.017057 4.643000 55.357000 1.000000 
55.919100 -0.000520 0.166257 -14.080900 0.072702 13.030000 46.970000 1.000000 
73.384200 -0.045000 0.061126 3.384200 -0.057717 122.624000 -62.624000 -1.000000 
63.774700 -0.045000 0.120642 -6.225300 0.041395 29.798000 30.202000 -1.000000 
62.341100 -0.000321 0.077697 -7.658900 -0.071538 132.348000 -72.348000 1.000000 
60.318800 -0.000213 0.162513 -9.681200 0.077834 2.053000 57.947000 1.000000 
55.804900 -0.045000 0.163718 -14.195100 0.054055 26.009000 33.991000 -1.000000 
70.186100 -0.000638 0.107760 0.186100 -0.011287 89.140000 -29.140000 1.000000 
66.981700 -0.000336 -0.001718 -3.018300 -0.010586 85.113000 -25.113000 1.000000 
58.931100 -0.045000 0.117732 -11.068900 0.040144 16.095000 43.905000 -1.000000 
55.978500 -0.000536 0.163630 -14.021500 0.060691 9.929000 50.071000 1.000000 
68.450200 -0.000585 0.122111 -1.549800 0.064789 5.022000 54.978000 1.000000 
40.149300 -0.045000 0.096727 -29.850700 -0.111869 326.402000 -266.402000 -1.000000 
50.817300 -0.000315 0.196241 -19.182700 0.069698 5.140000 54.860000 1.000000 
66.793500 -0.045000 0.111875 -3.206500 -0.026890 72.437000 -12.437000 -1.000000 
70.027100 -0.000618 0.115156 0.027100 0.064263 6.683000 53.317000 1.000000 
69.071000 -0.000059 0.126428 -0.929000 0.059491 2.435000 57.565000 1.000000 
71.859800 -0.045000 -2.230330 1.859800 -0.299919 40.118000 19.882000 -1.000000 
53.657300 -0.000408 0.118901 -16.342700 -0.028281 155.228000 -95.228000 1.000000 
69.867800 -0.000467 0.108358 -0.132200 0.035718 80.515000 -20.515000 1.000000 
61.992600 -0.000195 -0.070986 -8.007400 -0.105458 124.973000 -64.973000 1.000000 
60.297700 -0.045000 0.089478 -9.702300 -0.065178 139.479000 -79.479000 -1.000000 
74.426400 -0.000571 0.095218 4.426400 -0.044659 75.531000 -15.531000 1.000000 
74.436400 -0.045000 0.037418 4.436400 -0.027245 34.033000 25.967000 -1.000000 
73.851400 -0.000184 0.058912 3.851400 -0.040479 83.148000 -23.148000 1.000000 
69.544800 -0.000283 0.079819 -0.455200 -0.084452 141.536000 -81.536000 1.000000 
72.366600 -0.000642 0.116424 2.366600 -0.031670 49.985000 10.015000 1.000000 
59.486600 -0.000173 0.156612 -10.513400 0.062212 2.884000 57.116000 1.000000 
65.231400 -0.045000 0.071758 -4.768600 -0.085085 54.852000 5.148000 -1.000000 
63.442200 -0.045000 -0.351066 -6.557800 -0.040336 12.895000 47.105000 -1.000000 
60.420400 -0.000263 0.160113 -9.579600 0.078482 5.226000 54.774000 1.000000 
71.174200 -0.045000 0.141364 1.174200 0.046800 20.788000 39.212000 -1.000000 
49.491100 -0.000214 0.088455 -20.508900 -0.107840 228.354000 -168.354000 1.000000 
67.705400 -0.000807 0.102563 -2.294600 -0.023892 100.349000 -40.349000 1.000000 
72.544900 -0.001806 0.088359 2.544900 -0.086684 42.759000 17.241000 1.000000 
75.313200 -0.000149 0.030434 5.313200 -0.052863 65.059000 -5.059000 1.000000 
76.470300 -0.045000 0.096432 6.470300 -0.029742 70.452000 -10.452000 -1.000000 
86.014800 -0.018000 0.113733 16.014800 0.054519 22.301000 37.699000 -1.000000 
73.443600 -0.045000 -0.184256 3.443600 -0.048073 77.304000 -17.304000 -1.000000 
61.944700 -0.000412 0.105897 -8.055300 -0.052423 133.990000 -73.990000 1.000000 
76.169900 -0.018000 0.075314 6.169900 -0.017650 38.596000 21.404000 -1.000000 
74.652200 -0.045000 0.007571 4.652200 0.009709 31.483000 28.517000 -1.000000 
68.404600 -0.000433 0.065249 -1.595400 -0.011610 51.165000 8.835000 1.000000 
59.268100 -0.000204 0.154611 -10.731900 0.060736 2.941000 57.059000 1.000000 
67.442100 -0.000292 -0.090849 -2.557900 -0.019880 79.820000 -19.820000 1.000000 
74.779600 -0.000490 0.091998 4.779600 -0.031734 64.316000 -4.316000 1.000000 
70.407600 -0.001585 0.051911 0.407600 -0.064024 37.497000 22.503000 1.000000 
65.466700 -0.000653 -0.326402 -4.533300 -0.072390 96.785000 -36.785000 1.000000 
71.232700 -0.000454 0.137302 1.232700 0.065736 5.496000 54.504000 1.000000 
69.598100 -0.000448 0.064181 -0.401900 0.017556 81.244000 -21.244000 1.000000 
69.353000 -0.001720 0.067641 -0.647000 -0.069320 42.563000 17.437000 1.000000 
64.085900 -0.000851 0.098248 -5.914100 -0.012829 98.065000 -38.065000 1.000000 
74.214700 -0.045000 -0.061726 4.214700 0.006518 28.909000 31.091000 -1.000000 
66.530800 -0.000700 0.100564 -3.469200 -0.066758 86.265000 -26.265000 1.000000 
68.825800 -0.000186 0.091068 -1.174200 -0.088308 137.342000 -77.342000 1.000000 
76.162000 -0.001792 0.053046 6.162000 -0.038599 20.980000 39.020000 1.000000 
70.666400 -0.045000 0.012910 0.666400 -0.008577 63.750000 -3.750000 -1.000000 
71.514900 -0.000108 0.120472 1.514900 0.037907 2.491000 57.509000 1.000000 
66.335500 -0.045000 0.145585 -3.664500 0.061868 17.275000 42.725000 -1.000000 
68.963600 -0.001414 0.057314 -1.036400 -0.010208 27.342000 32.658000 1.000000 
99.338000 -0.045000 -2.491880 29.338000 -0.493625 74.942000 -14.942000 -1.000000 
74.450200 -0.000352 0.054701 4.450200 0.006064 42.010000 17.990000 1.000000 
71.886800 -0.000135 0.063378 1.886800 0.060434 3.327000 56.673000 1.000000 
36.230800 -0.045000 0.276260 -33.769200 0.082132 14.708000 45.292000 -1.000000 
61.790800 -0.000103 0.130112 -8.209200 0.013644 3.083000 56.917000 1.000000 
71.232700 -0.000419 -0.074986 1.232700 -0.001915 78.211000 -18.211000 1.000000 
77.649200 -0.002062 0.115468 7.649200 0.006606 16.938000 43.062000 1.000000 
40.304100 -0.045000 0.024258 -29.695900 -0.117007 335.547000 -275.547000 -1.000000 
70.932800 -0.045000 0.101722 0.932800 0.009514 35.949000 24.051000 -1.000000 
51.754500 -0.000240 0.189678 -18.245500 0.073325 2.703000 57.297000 1.000000 
58.105800 -0.000296 0.085449 -11.894200 -0.106278 118.698000 -58.698000 1.000000 
42.145700 -0.045000 0.081611 -27.854300 -0.129523 339.109000 -279.109000 -1.000000 
64.646700 -0.000338 0.004639 -5.353300 -0.098161 134.634000 -74.634000 1.000000 
75.236800 -0.000340 0.113314 5.236800 0.031300 5.424000 54.576000 1.000000 
67.468900 -0.045000 0.135297 -2.531100 0.051804 29.458000 30.542000 -1.000000 
69.161300 -0.001567 0.098795 -0.838700 -0.025489 95.518000 -35.518000 1.000000 
77.615000 -0.000428 -0.045910 7.615000 -0.072385 74.548000 -14.548000 1.000000 
70.348600 -0.045000 -0.013236 0.348600 0.018869 33.410000 26.590000 -1.000000 
69.931800 -0.000885 0.105731 -0.068200 -0.039380 59.113000 0.887000 1.000000 
66.424400 -0.045000 0.087709 -3.575600 -0.034695 127.835000 -67.835000 -1.000000 
71.263900 -0.001292 0.098347 1.263900 0.020976 8.307000 51.693000 1.000000 
72.104300 -0.045000 0.020633 2.104300 0.045712 11.091000 48.909000 -1.000000 
75.137400 -0.000364 0.056068 5.137400 0.005863 41.200000 18.800000 1.000000 
77.452700 -0.002037 0.118848 7.452700 0.007411 18.744000 41.256000 1.000000 
72.495200 -0.001798 0.087422 2.495200 -0.086848 42.023000 17.977000 1.000000 
45.049600 -0.000280 0.215832 -24.950400 0.084571 2.032000 57.968000 1.000000 
68.994400 -0.000500 -0.070721 -1.005600 -0.001456 65.833000 -5.833000 1.000000 
56.513100 -0.000141 0.171893 -13.486900 0.073448 2.800000 57.200000 1.000000 
75.416600 -0.000136 0.031385 5.416600 -0.054594 65.056000 -5.056000 1.000000 
72.475900 -0.000841 0.133188 2.475900 0.054890 9.000000 51.000000 1.000000 
72.537800 -0.000851 0.086532 2.537800 -0.091974 70.973000 -10.973000 1.000000 
76.779700 -0.000886 0.120063 6.779700 0.033403 5.443000 54.557000 1.000000 
53.829800 -0.000203 0.186641 -16.170200 0.072919 3.861000 56.139000 1.000000 
54.534100 -0.000396 0.182309 -15.465900 0.078790 8.825000 51.175000 1.000000 
74.276600 -0.001546 0.092428 4.276600 -0.027364 53.554000 6.446000 1.000000 
-67.126500 -0.045000 -3.130330 -137.126500 -0.435894 22.595000 37.405000 -1.000000 
74.597600 -0.000249 0.115964 4.597600 0.023062 2.974000 57.026000 1.000000 
68.613700 -0.000104 0.120998 -1.386300 0.045792 2.322000 57.678000 1.000000 
80.654600 -0.000118 0.114593 10.654600 0.034563 2.892000 57.108000 1.000000 
67.495800 -0.000374 0.013640 -2.504200 -0.048459 129.447000 -69.447000 1.000000 
70.560700 -0.000513 0.084697 0.560700 -0.091528 75.738000 -15.738000 1.000000 
70.563600 -0.000059 0.123093 0.563600 0.060997 2.575000 57.425000 1.000000 
60.043300 -0.000268 0.162315 -9.956700 0.080986 4.109000 55.891000 1.000000 
73.236300 -0.000292 0.107772 3.236300 -0.014651 51.790000 8.210000 1.000000 
72.167900 -0.001014 -0.029576 2.167900 0.035276 7.319000 52.681000 1.000000 
67.696100 -0.000288 -0.101239 -2.303900 -0.004520 116.969000 -56.969000 1.000000 
57.160900 -0.000069 0.104651 -12.839100 0.060038 2.832000 57.168000 1.000000 
72.103200 -0.001282 0.118063 2.103200 0.017136 6.854000 53.146000 1.000000 
66.813200 -0.000476 -0.018490 -3.186800 0.006997 115.550000 -55.550000 1.000000 
51.522500 -0.000168 0.182581 -18.477500 0.063581 3.922000 56.078000 1.000000 
63.315000 -0.000459 0.120630 -6.685000 -0.036313 102.956000 -42.956000 1.000000 
72.284300 -0.001733 0.089454 2.284300 -0.086182 43.342000 16.658000 1.000000 
31.396700 -0.045000 0.318863 -38.603300 0.081188 12.334000 47.666000 -1.000000 
69.888900 -0.000243 0.069784 -0.111100 -0.066429 92.724000 -32.724000 1.000000 
80.082200 -0.001093 0.004578 10.082200 0.006687 34.951000 25.049000 1.000000 
63.145300 -0.000116 0.119067 -6.854700 0.060575 3.337000 56.663000 1.000000 
72.553300 -0.000216 0.073888 2.553300 -0.032200 72.797000 -12.797000 1.000000 
61.233000 -0.000384 0.149582 -8.767000 0.077989 8.581000 51.419000 1.000000 
79.653400 -0.000117 0.117901 9.653400 0.028305 3.506000 56.494000 1.000000 
69.713000 -0.045000 0.118682 -0.287000 -0.003774 31.594000 28.406000 -1.000000 
72.175300 -0.045000 0.108373 2.175300 -0.015097 36.423000 23.577000 -1.000000 
41.119200 -0.000399 0.245998 -28.880800 0.079067 14.480000 45.520000 1.000000 
55.951400 -0.000087 0.166846 -14.048600 0.075837 3.627000 56.373000 1.000000 
68.446800 -0.000765 0.093496 -1.553200 -0.012616 70.401000 -10.401000 1.000000 
70.207400 -0.001473 0.049308 0.207400 -0.104141 56.148000 3.852000 1.000000 
70.353900 -0.000418 0.055735 0.353900 -0.009774 50.864000 9.136000 1.000000 
72.314900 -0.001782 0.091332 2.314900 -0.085031 42.083000 17.917000 1.000000 
66.144900 -0.045000 0.070175 -3.855100 -0.085069 55.494000 4.506000 -1.000000 
73.001000 -0.001596 0.107575 3.001000 -0.032117 51.025000 8.975000 1.000000 
71.545200 -0.045000 0.130659 1.545200 0.058205 19.404000 40.596000 -1.000000 
50.577700 -0.000199 0.198815 -19.422300 0.085433 4.664000 55.336000 1.000000 
64.156800 -0.000920 0.123591 -5.843200 0.034215 8.458000 51.542000 1.000000 
66.547600 -0.000828 0.131337 -3.452400 0.005803 39.447000 20.553000 1.000000 
58.288900 -0.000442 0.150939 -11.711100 0.073653 7.225000 52.775000 1.000000 
66.650800 -0.000653 0.142529 -3.349200 0.058935 7.606000 52.394000 1.000000 
58.103600 -0.000371 0.173802 -11.896400 0.076162 9.314000 50.686000 1.000000 
73.112700 -0.045000 0.075114 3.112700 -0.021374 55.563000 4.437000 -1.000000 
70.814200 -0.045000 0.088254 0.814200 -0.037278 27.479000 32.521000 -1.000000 
74.836900 -0.045000 -0.092606 4.836900 0.003756 27.020000 32.980000 -1.000000 
69.541300 -0.000597 0.117704 -0.458700 0.064621 5.108000 54.892000 1.000000 
54.597100 -0.045000 0.176524 -15.402900 0.054729 25.314000 34.686000 -1.000000 
80.055700 -0.018000 0.119709 10.055700 0.055283 24.243000 35.757000 -1.000000 
72.717600 -0.000416 -0.041015 2.717600 -0.075341 117.256000 -57.256000 1.000000 
28.730700 -0.045000 0.300989 -41.269300 0.076112 2.369000 57.631000 -1.000000 
73.832200 -0.000630 0.111494 3.832200 -0.034390 49.097000 10.903000 1.000000 
77.771800 -0.002049 0.120135 7.771800 0.006716 17.306000 42.694000 1.000000 
69.981600 -0.000745 0.088064 -0.018400 -0.090326 74.135000 -14.135000 1.000000 
65.781000 -0.045000 0.123676 -4.219000 0.038659 21.848000 38.152000 -1.000000 
71.391500 -0.045000 0.014377 1.391500 0.010033 30.866000 29.134000 -1.000000 
65.305800 -0.000423 0.081824 -4.694200 0.009492 61.105000 -1.105000 1.000000 
74.147200 -0.000360 0.055407 4.147200 0.005489 42.313000 17.687000 1.000000 
70.795700 -0.000047 0.129628 0.795700 0.045250 2.491000 57.509000 1.000000 
71.607500 -0.000298 0.082927 1.607500 -0.091102 109.811000 -49.811000 1.000000 
55.156400 -0.000071 0.160028 -14.843600 0.078657 5.140000 54.860000 1.000000 
73.860800 -0.001527 0.100585 3.860800 -0.040883 25.806000 34.194000 1.000000 
75.803900 -0.000919 0.104900 5.803900 0.032443 5.068000 54.932000 1.000000 
71.931600 -0.001193 -0.140710 1.931600 0.025027 8.357000 51.643000 1.000000 
77.639600 -0.000830 0.107767 7.639600 -0.011455 27.278000 32.722000 1.000000 
57.641500 -0.045000 0.066130 -12.358500 0.015886 47.647000 12.353000 -1.000000 
78.443800 -0.002066 0.117563 8.443800 0.009211 20.860000 39.140000 1.000000 
73.655000 -0.000181 0.008216 3.655000 -0.049940 82.308000 -22.308000 1.000000 
69.296500 -0.000410 -0.046708 -0.703500 0.010761 26.281000 33.719000 1.000000 
72.949600 -0.045000 0.122213 2.949600 0.026015 14.252000 45.748000 -1.000000 
75.408900 -0.000321 0.093601 5.408900 -0.041533 77.132000 -17.132000 1.000000 
63.544700 -0.045000 0.108130 -6.455300 0.040405 15.639000 44.361000 -1.000000 
62.647000 -0.045000 0.114554 -7.353000 0.029608 11.098000 48.902000 -1.000000 
71.607100 -0.000582 0.102429 1.607100 -0.037540 74.483000 -14.483000 1.000000 
67.984800 -0.000219 0.092160 -2.015200 -0.016398 52.943000 7.057000 1.000000 
67.584200 -0.045000 0.118651 -2.415800 0.015013 23.913000 36.087000 -1.000000 
54.540300 -0.000097 0.167626 -15.459700 0.084991 4.105000 55.895000 1.000000 
75.334300 -0.001001 0.126084 5.334300 0.010903 31.173000 28.827000 1.000000 
39.166900 -0.000224 0.263030 -30.833100 0.087479 8.591000 51.409000 1.000000 
68.974600 -0.045000 0.102328 -1.025400 -0.033028 72.489000 -12.489000 -1.000000 
76.242500 -0.000504 0.092968 6.242500 0.000132 28.582000 31.418000 1.000000 
59.544600 -0.045000 0.121125 -10.455400 0.040389 15.917000 44.083000 -1.000000 
77.134000 -0.000997 0.085154 7.134000 0.005444 14.772000 45.228000 1.000000 
72.259400 -0.000698 0.084899 2.259400 -0.031376 63.604000 -3.604000 1.000000 
84.233500 -0.001280 0.089789 14.233500 0.034908 14.881000 45.119000 1.000000 
76.148300 -0.018000 0.076326 6.148300 -0.017954 38.199000 21.801000 -1.000000 
63.071200 -0.000135 0.126688 -6.928800 0.013095 3.205000 56.795000 1.000000 
47.388600 -0.000406 0.205087 -22.611400 0.057900 2.195000 57.805000 1.000000 
69.618600 -0.001420 0.067456 -0.381400 -0.068384 48.888000 11.112000 1.000000 
75.962500 -0.001465 0.098594 5.962500 -0.018730 38.815000 21.185000 1.000000 
72.874700 -0.001466 0.068445 2.874700 -0.086589 42.626000 17.374000 1.000000 
73.966700 -0.045000 0.100453 3.966700 0.012666 11.287000 48.713000 -1.000000 
49.511700 -0.000317 0.194309 -20.488300 0.063836 1.828000 58.172000 1.000000 
79.609800 -0.001657 0.063446 9.609800 0.039299 10.958000 49.042000 1.000000 
72.878000 -0.001536 0.041906 2.878000 -0.026490 46.413000 13.587000 1.000000 
70.910200 -0.045000 0.064227 0.910200 -0.067394 88.787000 -28.787000 -1.000000 
71.080500 -0.045000 0.081066 1.080500 -0.035420 27.809000 32.191000 -1.000000 
82.471300 -0.018000 0.090111 12.471300 0.014833 19.894000 40.106000 -1.000000 
76.391100 -0.000378 0.073277 6.391100 0.054072 4.370000 55.630000 1.000000 
68.979000 -0.045000 0.115727 -1.021000 -0.056766 56.459000 3.541000 -1.000000 
78.171000 -0.000335 0.094185 8.171000 0.036505 4.632000 55.368000 1.000000 
70.561400 -0.045000 0.103349 0.561400 -0.003486 77.162000 -17.162000 -1.000000 
76.361600 -0.018000 -0.168847 6.361600 -0.016087 35.502000 24.498000 -1.000000 
74.058200 -0.045000 0.075486 4.058200 -0.048542 25.153000 34.847000 -1.000000 
68.224200 -0.045000 -0.040045 -1.775800 0.019173 26.160000 33.840000 -1.000000 
69.886700 -0.000666 0.109224 -0.113300 -0.032328 76.601000 -16.601000 1.000000 
74.303500 -0.001231 0.061709 4.303500 -0.005702 32.650000 27.350000 1.000000 
72.790200 -0.002171 0.089994 2.790200 -0.086391 37.989000 22.011000 1.000000 
60.173300 -0.045000 0.142718 -9.826700 0.060222 19.843000 40.157000 -1.000000 
77.164600 -0.000939 0.108247 7.164600 -0.032383 61.296000 -1.296000 1.000000 
65.651300 -0.045000 0.061259 -4.348700 -0.011607 21.908000 38.092000 -1.000000 
56.098300 -0.000051 0.164684 -13.901700 0.063995 2.400000 57.600000 1.000000 
76.226200 -0.001848 0.091065 6.226200 0.010928 13.636000 46.364000 1.000000 
42.420200 -0.000263 0.233946 -27.579800 0.083973 2.198000 57.802000 1.000000 
46.220200 -0.000019 0.203992 -23.779800 0.085033 2.751000 57.249000 1.000000 
74.527600 -0.045000 0.073399 4.527600 -0.040244 30.645000 29.355000 -1.000000 
56.434000 -0.000223 0.174447 -13.566000 0.078490 3.436000 56.564000 1.000000 
71.623300 -0.000054 0.075452 1.623300 0.058308 2.794000 57.206000 1.000000 
74.177400 -0.045000 0.113282 4.177400 0.051725 30.658000 29.342000 -1.000000 
26.269700 -0.000040 0.381902 -43.730300 0.084669 4.890000 55.110000 1.000000 
61.918200 -0.000573 0.144165 -8.081800 0.063015 7.784000 52.216000 1.000000 
57.685500 -0.000268 0.164935 -12.314500 0.077940 5.454000 54.546000 1.000000 
57.241800 -0.000161 0.176167 -12.758200 0.075340 3.819000 56.181000 1.000000 
75.543600 -0.001818 -0.169983 5.543600 -0.015708 4.532000 55.468000 1.000000 
74.546900 -0.000689 0.107141 4.546900 0.042288 19.659000 40.341000 1.000000 
74.617900 -0.000406 0.058557 4.617900 0.006774 41.362000 18.638000 1.000000 
78.410400 -0.002024 0.116921 8.410400 0.007583 17.189000 42.811000 1.000000 
63.669900 -0.000765 0.108086 -6.330100 0.019221 43.653000 16.347000 1.000000 
70.642500 -0.045000 0.045349 0.642500 -0.025010 30.414000 29.586000 -1.000000 
66.621200 -0.000126 0.138368 -3.378800 0.044962 1.910000 58.090000 1.000000 
53.032900 -0.000058 0.185163 -16.967100 0.084585 5.093000 54.907000 1.000000 
68.356300 -0.000621 0.070303 -1.643700 -0.025304 44.006000 15.994000 1.000000 
79.221900 -0.000042 0.109389 9.221900 0.039570 3.152000 56.848000 1.000000 
73.907500 -0.000653 0.109461 3.907500 -0.032535 49.736000 10.264000 1.000000 
74.038200 -0.045000 0.106531 4.038200 -0.032479 40.360000 19.640000 -1.000000 
58.062100 -0.000416 -0.092087 -11.937900 -0.090921 180.378000 -120.378000 1.000000 
67.453700 -0.045000 0.059165 -2.546300 -0.010842 37.201000 22.799000 -1.000000 
71.751600 -0.045000 -0.018698 1.751600 0.000334 75.174000 -15.174000 -1.000000 
72.249700 -0.045000 0.090297 2.249700 -0.056710 56.793000 3.207000 -1.000000 
72.369000 -0.000145 0.027420 2.369000 -0.060019 67.065000 -7.065000 1.000000 
69.045600 -0.000403 0.059560 -0.954400 -0.011009 54.777000 5.223000 1.000000 
70.904700 -0.000122 0.128891 0.904700 0.044119 3.277000 56.723000 1.000000 
75.628300 -0.003519 -0.138606 5.628300 -0.059437 49.444000 10.556000 1.000000 
74.823100 -0.000475 -0.079943 4.823100 -0.055357 77.006000 -17.006000 1.000000 
75.603600 -0.000087 0.110591 5.603600 0.056603 3.857000 56.143000 1.000000 
55.614300 -0.045000 0.173055 -14.385700 0.064918 21.246000 38.754000 -1.000000 
77.338100 -0.000498 0.126927 7.338100 0.072630 7.459000 52.541000 1.000000 
65.744600 -0.045000 0.147322 -4.255400 0.061926 17.242000 42.758000 -1.000000 
68.621200 -0.000032 0.134968 -1.378800 0.043548 2.508000 57.492000 1.000000 
62.103200 -0.000464 0.077631 -7.896800 -0.090775 136.667000 -76.667000 1.000000 
69.622500 -0.000242 0.038233 -0.377500 -0.053897 72.882000 -12.882000 1.000000 
58.692500 -0.045000 0.091913 -11.307500 -0.066790 138.169000 -78.169000 -1.000000 
70.280700 -0.000477 0.120276 0.280700 0.031067 34.597000 25.403000 1.000000 
65.897800 -0.000881 0.130182 -4.102200 0.047608 7.460000 52.540000 1.000000 
73.116500 -0.000356 0.131032 3.116500 0.065809 5.498000 54.502000 1.000000 
63.470000 -0.000028 0.094684 -6.530000 0.046289 2.698000 57.302000 1.000000 
81.979500 -0.000307 0.106372 11.979500 0.024212 4.537000 55.463000 1.000000 
60.582200 -0.045000 0.113345 -9.417800 0.037909 16.749000 43.251000 -1.000000 
71.604400 -0.000220 0.045819 1.604400 -0.029915 75.914000 -15.914000 1.000000 
61.613700 -0.000826 0.146760 -8.386300 0.022158 5.313000 54.687000 1.000000 
63.109100 -0.002051 -0.036528 -6.890900 -0.111407 168.715000 -108.715000 1.000000 
62.314300 -0.000086 0.132754 -7.685700 0.012421 2.914000 57.086000 1.000000 
50.932900 -0.000311 0.193271 -19.067100 0.070909 5.171000 54.829000 1.000000 
72.243200 -0.000373 0.063269 2.243200 0.006416 41.328000 18.672000 1.000000 
58.819500 -0.045000 0.136661 -11.180500 0.053321 25.639000 34.361000 -1.000000 
67.846500 -0.000605 0.064265 -2.153500 -0.010759 48.452000 11.548000 1.000000 
74.068500 -0.000493 0.086619 4.068500 -0.004982 53.173000 6.827000 1.000000 
71.196500 -0.000804 0.138207 1.196500 0.056577 8.991000 51.009000 1.000000 
70.213300 -0.045000 0.064650 0.213300 -0.070029 47.028000 12.972000 -1.000000 
70.489000 -0.045000 0.101747 0.489000 -0.001265 27.850000 32.150000 -1.000000 
75.258500 -0.001409 0.094134 5.258500 -0.012445 39.499000 20.501000 1.000000 
64.130600 -0.045000 0.149473 -5.869400 0.061357 17.314000 42.686000 -1.000000 
73.671500 -0.000221 0.096757 3.671500 -0.026547 58.651000 1.349000 1.000000 
76.751200 -0.002062 0.119653 6.751200 0.007180 18.628000 41.372000 1.000000 
81.548500 -0.001586 0.091693 11.548500 0.015220 20.381000 39.619000 1.000000 
76.569000 -0.002157 0.118148 6.569000 0.011324 11.614000 48.386000 1.000000 
77.649200 -0.002062 0.115468 7.649200 0.006606 16.938000 43.062000 1.000000 
70.318600 -0.045000 0.082090 0.318600 -0.016640 19.545000 40.455000 -1.000000 
73.743400 -0.000459 0.108235 3.743400 -0.002579 30.643000 29.357000 1.000000 
79.660800 -0.000809 0.083625 9.660800 0.050782 9.828000 50.172000 1.000000 
75.422200 -0.000531 -0.017962 5.422200 0.058736 5.258000 54.742000 1.000000 
74.895100 -0.000344 0.117998 4.895100 0.031537 5.417000 54.583000 1.000000 
73.992000 -0.001266 0.055064 3.992000 -0.004376 33.114000 26.886000 1.000000 
73.980600 -0.000593 0.087249 3.980600 -0.005708 41.423000 18.577000 1.000000 
79.005300 -0.000368 0.046047 9.005300 0.006347 43.733000 16.267000 1.000000 
69.005900 -0.045000 0.109398 -0.994100 0.010293 27.881000 32.119000 -1.000000 
72.004000 -0.001677 0.090837 2.004000 -0.087139 43.751000 16.249000 1.000000 
70.224100 -0.045000 0.121761 0.224100 0.031472 28.297000 31.703000 -1.000000 
69.619300 -0.045000 0.122291 -0.380700 0.052065 31.973000 28.027000 -1.000000 
72.112300 -0.045000 0.111269 2.112300 -0.015516 35.957000 24.043000 -1.000000 
75.685500 -0.000605 0.112934 5.685500 0.031760 5.694000 54.306000 1.000000 
78.383100 -0.000166 0.122473 8.383100 0.035058 2.626000 57.374000 1.000000 
74.856700 -0.001729 0.082661 4.856700 -0.032778 38.763000 21.237000 1.000000 
65.266600 -0.045000 0.130107 -4.733400 0.042553 21.586000 38.414000 -1.000000 
75.110100 -0.002011 0.091327 5.110100 -0.062386 52.860000 7.140000 1.000000 
75.816200 -0.000906 0.019185 5.816200 0.033336 5.408000 54.592000 1.000000 
69.388400 -0.045000 -0.009215 -0.611600 0.049819 15.263000 44.737000 -1.000000 
76.280600 -0.001257 0.094078 6.280600 0.000203 28.647000 31.353000 1.000000 
77.402200 -0.000977 0.120315 7.402200 0.008401 19.080000 40.920000 1.000000 
66.698200 -0.000105 0.079339 -3.301800 0.060342 3.247000 56.753000 1.000000 
78.668700 -0.002049 0.114589 8.668700 0.007959 18.350000 41.650000 1.000000 
70.824600 -0.001786 0.059538 0.824600 -0.068341 43.167000 16.833000 1.000000 
74.620500 -0.000344 0.060761 4.620500 0.008040 43.250000 16.750000 1.000000 
77.081600 -0.001546 0.005259 7.081600 0.006774 28.414000 31.586000 1.000000 
79.321800 -0.001457 0.115859 9.321800 0.008523 27.012000 32.988000 1.000000 
75.776200 -0.000505 0.110176 5.776200 -0.030218 58.542000 1.458000 1.000000 
66.685400 -0.000702 -0.161778 -3.314600 -0.008034 40.084000 19.916000 1.000000 
68.134800 -0.001135 -0.114601 -1.865200 -0.032280 56.732000 3.268000 1.000000 
65.676200 -0.000602 0.124681 -4.323800 0.042547 13.712000 46.288000 1.000000 
77.883600 -0.001265 0.079649 7.883600 0.009586 5.019000 54.981000 1.000000 
70.164200 -0.000900 0.093365 0.164200 0.008204 50.582000 9.418000 1.000000 
87.310000 -0.000878 0.054393 17.310000 0.019777 97.471000 -37.471000 1.000000 
63.961300 -0.045000 0.121602 -6.038700 -0.001854 36.646000 23.354000 -1.000000 
65.999000 -0.000214 0.092110 -4.001000 -0.046889 132.214000 -72.214000 1.000000 
64.094000 -0.000175 -0.087812 -5.906000 -0.094346 73.603000 -13.603000 1.000000 
72.266500 -0.001177 0.120056 2.266500 -0.020198 31.444000 28.556000 1.000000 
69.159700 -0.045000 0.075998 -0.840300 -0.063608 62.879000 -2.879000 -1.000000 
73.858300 -0.000329 0.075942 3.858300 -0.020376 94.887000 -34.887000 1.000000 
65.683300 -0.045000 0.123487 -4.316700 0.006448 15.791000 44.209000 -1.000000 
67.569700 -0.045000 0.053070 -2.430300 -0.077860 136.699000 -76.699000 -1.000000 
69.889800 -0.000708 0.057006 -0.110200 0.049343 5.188000 54.812000 1.000000 
73.937100 -0.001158 0.108440 3.937100 -0.014617 47.593000 12.407000 1.000000 
67.443000 -0.000319 0.078912 -2.557000 -0.057424 133.846000 -73.846000 1.000000 
69.779100 -0.000640 0.068627 -0.220900 -0.017351 43.048000 16.952000 1.000000 
74.833600 -0.000954 -0.149649 4.833600 -0.011237 51.745000 8.255000 1.000000 
31.107300 -0.000279 0.332289 -38.892700 0.083925 11.191000 48.809000 1.000000 
48.976200 -0.045000 0.004836 -21.023800 -0.075091 239.172000 -179.172000 -1.000000 
51.886000 -0.000441 0.178515 -18.114000 0.052913 4.548000 55.452000 1.000000 
75.073000 -0.000297 0.125786 5.073000 0.047234 2.817000 57.183000 1.000000 
73.972500 -0.000076 -0.281743 3.972500 -0.073973 49.565000 10.435000 1.000000 
59.235800 -0.000220 0.003928 -10.764200 -0.060702 227.794000 -167.794000 1.000000 
66.624300 -0.001952 0.018130 -3.375700 -0.062347 27.575000 32.425000 1.000000 
72.639200 -0.000314 0.085127 2.639200 0.003613 86.855000 -26.855000 1.000000 
75.521100 -0.000311 0.023203 5.521100 0.023922 51.278000 8.722000 1.000000 
68.753400 -0.000600 0.091006 -1.246600 -0.070389 88.226000 -28.226000 1.000000 
66.373000 -0.000390 0.131155 -3.627000 0.046474 3.644000 56.356000 1.000000 
39.507600 -0.000155 0.251209 -30.492400 0.082402 6.042000 53.958000 1.000000 
76.090300 -0.000281 0.020294 6.090300 -0.062012 91.373000 -31.373000 1.000000 
72.250100 -0.000294 0.123196 2.250100 0.027501 43.188000 16.812000 1.000000 
65.830200 -0.045000 0.092216 -4.169800 -0.077093 148.323000 -88.323000 -1.000000 
68.237800 -0.001123 0.116951 -1.762200 -0.022333 27.315000 32.685000 1.000000 
70.307000 -0.045000 0.020671 0.307000 -0.036369 19.456000 40.544000 -1.000000 
66.950200 -0.045000 -0.030231 -3.049800 -0.046480 108.629000 -48.629000 -1.000000 
67.963700 -0.000271 0.057292 -2.036300 -0.059950 48.584000 11.416000 1.000000 
70.745400 -0.000696 0.089008 0.745400 0.044861 17.387000 42.613000 1.000000 
66.572800 -0.000230 0.120486 -3.427200 0.028040 3.473000 56.527000 1.000000 
66.414200 -0.000123 0.036258 -3.585800 -0.052801 113.761000 -53.761000 1.000000 
65.610900 -0.000319 0.109889 -4.389100 -0.017082 116.294000 -56.294000 1.000000 
70.726300 -0.001473 0.085268 0.726300 -0.031832 118.821000 -58.821000 1.000000 
68.424100 -0.000762 0.135913 -1.575900 0.055327 7.179000 52.821000 1.000000 
74.233500 -0.000330 0.103104 4.233500 -0.048710 92.939000 -32.939000 1.000000 
73.606800 -0.000250 0.094170 3.606800 -0.082338 113.541000 -53.541000 1.000000 
68.176400 -0.045000 0.087961 -1.823600 0.002136 98.103000 -38.103000 -1.000000 
66.820700 -0.002113 0.017424 -3.179300 -0.073482 67.164000 -7.164000 1.000000 
61.867600 -0.000546 -0.009228 -8.132400 -0.093120 100.080000 -40.080000 1.000000 
63.872000 -0.000337 0.145271 -6.128000 0.069250 4.921000 55.079000 1.000000 
65.654200 -0.000691 0.137987 -4.345800 0.040067 67.608000 -7.608000 1.000000 
64.707800 -0.045000 0.105770 -5.292200 0.046780 18.754000 41.246000 -1.000000 
71.002000 -0.045000 0.112735 1.002000 -0.053469 86.851000 -26.851000 -1.000000 
29.998900 -0.000095 0.337970 -40.001100 0.087054 4.331000 55.669000 1.000000 
61.643300 -0.045000 0.132739 -8.356700 0.018654 10.703000 49.297000 -1.000000 
57.859700 -0.000716 0.163603 -12.140300 0.059817 4.909000 55.091000 1.000000 
58.170600 -0.000201 0.172860 -11.829400 0.069984 3.932000 56.068000 1.000000 
67.178900 -0.000725 -0.080397 -2.821100 0.023534 4.851000 55.149000 1.000000 
65.924700 -0.045000 0.113564 -4.075300 -0.012158 61.778000 -1.778000 -1.000000 
76.983000 -0.000548 0.088740 6.983000 -0.019690 61.774000 -1.774000 1.000000 
70.197800 -0.000563 -0.189413 0.197800 -0.020721 75.755000 -15.755000 1.000000 
51.545000 -0.000330 0.096537 -18.455000 -0.055999 231.473000 -171.473000 1.000000 
57.931300 -0.045000 0.072110 -12.068700 0.041254 12.004000 47.996000 -1.000000 
61.877700 -0.000092 0.144603 -8.122300 0.043697 3.196000 56.804000 1.000000 
73.163500 -0.045000 0.117546 3.163500 -0.014141 20.881000 39.119000 -1.000000 
57.620000 -0.000065 0.169490 -12.380000 0.071876 3.226000 56.774000 1.000000 
65.560700 -0.000472 0.015671 -4.439300 -0.103547 115.191000 -55.191000 1.000000 
68.994900 -0.000375 0.115266 -1.005100 0.005762 44.030000 15.970000 1.000000 
77.929700 -0.001191 0.102891 7.929700 -0.028427 70.562000 -10.562000 1.000000 
54.653000 -0.045000 0.070373 -15.347000 -0.067811 248.673000 -188.673000 -1.000000 
58.299100 -0.000644 0.162929 -11.700900 0.064022 12.210000 47.790000 1.000000 
68.413100 -0.001589 0.096625 -1.586900 -0.047120 86.583000 -26.583000 1.000000 
39.042200 -0.000258 0.263360 -30.957800 0.086224 16.953000 43.047000 1.000000 
64.366000 -0.045000 0.107001 -5.634000 0.000584 16.734000 43.266000 -1.000000 
74.229900 -0.000622 -0.647631 4.229900 -0.065735 53.995000 6.005000 1.000000 
64.581900 -0.000392 0.039093 -5.418100 -0.011605 140.260000 -80.260000 1.000000 
62.774500 -0.045000 0.102997 -7.225500 -0.084371 72.594000 -12.594000 -1.000000 
78.839700 -0.001055 0.037189 8.839700 0.009670 4.645000 55.355000 1.000000 
74.768900 -0.001020 0.108055 4.768900 -0.013257 53.227000 6.773000 1.000000 
45.961100 -0.045000 0.047667 -24.038900 -0.107364 269.995000 -209.995000 -1.000000 
73.247800 -0.000477 0.055688 3.247800 0.039548 6.584000 53.416000 1.000000 
67.871700 -0.001490 0.089070 -2.128300 -0.041584 115.846000 -55.846000 1.000000 
62.490100 -0.000801 0.136030 -7.509900 0.049667 8.764000 51.236000 1.000000 
76.567700 -0.002720 0.088829 6.567700 -0.003321 9.736000 50.264000 1.000000 
71.241500 -0.001729 0.117698 1.241500 -0.035335 35.712000 24.288000 1.000000 
68.424700 -0.045000 0.121233 -1.575300 -0.019271 29.009000 30.991000 -1.000000 
71.207700 -0.000467 0.109085 1.207700 -0.043394 68.317000 -8.317000 1.000000 
70.397200 -0.001314 0.054771 0.397200 -0.066325 55.859000 4.141000 1.000000 
59.052300 -0.000203 0.161776 -10.947700 0.052936 3.148000 56.852000 1.000000 
61.885000 -0.000146 0.157199 -8.115000 0.085038 3.680000 56.320000 1.000000 
66.877200 -0.000156 -0.028766 -3.122800 -0.087150 107.948000 -47.948000 1.000000 
67.357700 -0.045000 0.085688 -2.642300 0.018733 28.763000 31.237000 -1.000000 
69.152500 -0.000605 0.130945 -0.847500 0.064967 10.537000 49.463000 1.000000 
32.038000 -0.000032 0.266469 -37.962000 0.078407 3.138000 56.862000 1.000000 
76.400600 -0.001173 -0.256624 6.400600 -0.055615 44.676000 15.324000 1.000000 
42.268500 -0.045000 0.050273 -27.731500 -0.114649 302.849000 -242.849000 -1.000000 
69.345400 -0.000755 0.096874 -0.654600 0.058014 9.513000 50.487000 1.000000 
56.195900 -0.000174 0.099767 -13.804100 -0.025800 217.090000 -157.090000 1.000000 
52.361000 -0.045000 0.068003 -17.639000 -0.096741 216.232000 -156.232000 -1.000000 
69.885500 -0.000647 0.064670 -0.114500 -0.093728 66.100000 -6.100000 1.000000 
73.195900 -0.001325 0.014592 3.195900 -0.035649 35.940000 24.060000 1.000000 
56.165100 -0.045000 0.132799 -13.834900 0.058662 16.892000 43.108000 -1.000000 
54.636300 -0.000165 0.067431 -15.363700 -0.128790 248.469000 -188.469000 1.000000 
58.991800 -0.000225 0.158228 -11.008200 0.085742 10.423000 49.577000 1.000000 
62.896100 -0.045000 0.077690 -7.103900 -0.031242 17.175000 42.825000 -1.000000 
71.014500 -0.000167 0.071902 1.014500 -0.024276 74.319000 -14.319000 1.000000 
75.794600 -0.000700 0.077461 5.794600 -0.003680 4.506000 55.494000 1.000000 
78.134200 -0.001041 0.041033 8.134200 -0.010343 23.518000 36.482000 1.000000 
-4.609290 -0.045000 -2.987090 -74.609290 -0.067386 88.950000 -28.950000 -1.000000 
40.845900 -0.045000 0.180541 -29.154100 0.078998 10.538000 49.462000 -1.000000 
69.302700 -0.045000 0.067078 -0.697300 -0.067082 25.649000 34.351000 -1.000000 
72.235600 -0.045000 0.093644 2.235600 -0.035142 93.950000 -33.950000 -1.000000 
60.690400 -0.000230 0.067629 -9.309600 -0.080222 172.595000 -112.595000 1.000000 
64.809900 -0.000505 0.086275 -5.190100 0.011182 71.300000 -11.300000 1.000000 
49.667900 -0.000437 0.117175 -20.332100 0.075752 8.479000 51.521000 1.000000 
38.024600 -0.000174 0.250866 -31.975400 0.086532 6.787000 53.213000 1.000000 
54.010200 -0.045000 0.084044 -15.989800 -0.102201 211.447000 -151.447000 -1.000000 
53.452200 -0.000038 0.153486 -16.547800 0.066305 3.359000 56.641000 1.000000 
73.020100 -0.000585 -0.003547 3.020100 -0.071626 66.980000 -6.980000 1.000000 
71.234500 -0.045000 -0.032369 1.234500 -0.003932 18.950000 41.050000 -1.000000 
70.100700 -0.001394 0.116072 0.100700 -0.029944 75.758000 -15.758000 1.000000 
68.263600 -0.000449 0.078684 -1.736400 -0.099872 96.325000 -36.325000 1.000000 
64.261300 -0.001117 0.115919 -5.738700 0.029559 9.503000 50.497000 1.000000 
-37.702000 -0.045000 -1.008710 -107.702000 0.032213 65.687000 -5.687000 -1.000000 
60.280700 -0.000068 0.156444 -9.719300 0.014033 2.411000 57.589000 1.000000 
72.581000 -0.045000 0.085997 2.581000 -0.053074 124.807000 -64.807000 -1.000000 
41.656100 -0.045000 -0.741077 -28.343900 -0.009782 -4.960000 64.960000 -1.000000 
62.794200 -0.000396 0.150329 -7.205800 0.077322 6.429000 53.571000 1.000000 
71.915900 -0.000373 0.087249 1.915900 -0.063689 68.035000 -8.035000 1.000000 
57.350900 -0.000349 0.177644 -12.649100 0.068280 3.276000 56.724000 1.000000 
70.442500 -0.000559 0.093667 0.442500 -0.036962 108.015000 -48.015000 1.000000 
42.885800 -0.000197 0.230999 -27.114200 0.089938 5.852000 54.148000 1.000000 
66.890700 -0.000038 0.127426 -3.109300 0.076169 2.859000 57.141000 1.000000 
46.424000 -0.000175 0.215843 -23.576000 0.082535 4.411000 55.589000 1.000000 
49.247200 -0.000377 0.204060 -20.752800 0.078225 7.093000 52.907000 1.000000 
65.579400 -0.045000 0.103128 -4.420600 0.042307 33.466000 26.534000 -1.000000 
64.652200 -0.000048 0.137574 -5.347800 0.047848 2.432000 57.568000 1.000000 
73.749200 -0.002123 0.030034 3.749200 -0.081768 81.331000 -21.331000 1.000000 
52.808400 -0.000165 0.064816 -17.191600 -0.112618 257.258000 -197.258000 1.000000 
71.856900 -0.000219 0.124695 1.856900 0.066527 3.498000 56.502000 1.000000 
61.992300 -0.045000 0.116739 -8.007700 0.028469 16.692000 43.308000 -1.000000 
56.797600 -0.045000 0.060362 -13.202400 -0.049996 136.956000 -76.956000 -1.000000 
72.604600 -0.000132 0.128009 2.604600 0.053887 3.035000 56.965000 1.000000 
77.965100 -0.000371 0.100670 7.965100 0.033271 4.490000 55.510000 1.000000 
66.154300 -0.000289 -0.037110 -3.845700 0.004818 92.333000 -32.333000 1.000000 
60.990000 -0.000307 0.085305 -9.010000 -0.088222 158.916000 -98.916000 1.000000 
53.490400 -0.000094 0.172464 -16.509600 0.041035 2.512000 57.488000 1.000000 
71.349500 -0.000340 0.057100 1.349500 -0.048691 129.933000 -69.933000 1.000000 
58.343200 -0.000558 0.156621 -11.656800 0.047128 4.715000 55.285000 1.000000 
54.321400 -0.000459 0.093139 -15.678600 0.073000 7.259000 52.741000 1.000000 
37.950500 -0.000010 0.245263 -32.049500 0.076852 2.321000 57.679000 1.000000 
71.034000 -0.000202 0.103119 1.034000 -0.039844 96.768000 -36.768000 1.000000 
43.024500 -0.045000 0.134810 -26.975500 0.063421 24.831000 35.169000 -1.000000 
70.306800 -0.045000 0.067017 0.306800 -0.046317 69.877000 -9.877000 -1.000000 
66.694400 -0.045000 0.099067 -3.305600 -0.008168 30.975000 29.025000 -1.000000 
37.613500 -0.000246 0.273581 -32.386500 0.082710 5.557000 54.443000 1.000000 
78.814100 -0.018000 -0.000852 8.814100 -0.013170 38.982000 21.018000 -1.000000 
67.453900 -0.000265 0.042949 -2.546100 -0.017108 62.933000 -2.933000 1.000000 
68.489500 -0.045000 0.134598 -1.510500 0.040031 17.312000 42.688000 -1.000000 
62.400900 -0.000349 0.155067 -7.599100 0.071116 6.448000 53.552000 1.000000 
70.715200 -0.000182 -0.083546 0.715200 -0.009501 46.047000 13.953000 1.000000 
71.632200 -0.000277 0.125379 1.632200 0.041009 4.109000 55.891000 1.000000 
72.495700 -0.000699 0.136727 2.495700 0.056888 22.513000 37.487000 1.000000 
76.711400 -0.000294 0.124675 6.711400 0.073960 4.224000 55.776000 1.000000 
64.222600 -0.000944 0.135691 -5.777400 0.014443 34.380000 25.620000 1.000000 
71.445400 -0.000442 0.131162 1.445400 0.068783 5.107000 54.893000 1.000000 
36.249500 -0.000328 0.274529 -33.750500 0.075864 2.357000 57.643000 1.000000 
50.828100 -0.000036 0.190009 -19.171900 0.075624 2.767000 57.233000 1.000000 
71.436700 -0.001791 0.105056 1.436700 -0.039992 70.295000 -10.295000 1.000000 
48.534300 -0.000307 0.206789 -21.465700 0.085111 12.031000 47.969000 1.000000 
63.063700 -0.000238 0.099082 -6.936300 -0.031620 155.317000 -95.317000 1.000000 
50.618300 -0.001796 -0.212527 -19.381700 -0.070286 233.880000 -173.880000 1.000000 
50.850300 -0.000196 0.101074 -19.149700 -0.059286 261.789000 -201.789000 1.000000 
51.168200 -0.000256 0.079967 -18.831800 -0.093978 256.537000 -196.537000 1.000000 
51.263900 -0.000108 0.187550 -18.736100 0.081636 3.207000 56.793000 1.000000 
44.259200 -0.000162 0.219491 -25.740800 0.076016 4.625000 55.375000 1.000000 
71.252500 -0.001402 0.102240 1.252500 0.014921 8.076000 51.924000 1.000000 
61.933300 -0.000455 0.158307 -8.066700 0.078264 8.064000 51.936000 1.000000 
60.285600 -0.045000 0.111209 -9.714400 0.066993 18.022000 41.978000 -1.000000 
77.445200 -0.001426 0.078307 7.445200 0.016543 6.373000 53.627000 1.000000 
37.900500 -0.045000 -0.024670 -32.099500 -0.117870 306.876000 -246.876000 -1.000000 
54.502900 -0.000287 0.087358 -15.497100 -0.040668 247.306000 -187.306000 1.000000 
67.300300 -0.000518 -0.223794 -2.699700 -0.029402 97.039000 -37.039000 1.000000 
74.488700 -0.000492 -0.047854 4.488700 -0.088164 83.888000 -23.888000 1.000000 
27.241700 -0.000186 0.381735 -42.758300 0.085521 7.916000 52.084000 1.000000 
54.743800 -0.000804 0.160511 -15.256200 0.058791 9.151000 50.849000 1.000000 
69.607700 -0.045000 0.106686 -0.392300 -0.019795 20.707000 39.293000 -1.000000 
73.795900 -0.045000 0.091879 3.795900 0.045349 36.530000 23.470000 -1.000000 
68.925700 -0.045000 0.144165 -1.074300 0.064466 17.442000 42.558000 -1.000000 
76.066000 -0.000711 0.050161 6.066000 -0.005047 52.615000 7.385000 1.000000 
73.291800 -0.000386 0.072565 3.291800 -0.053812 94.070000 -34.070000 1.000000 
79.727900 -0.001176 0.093021 9.727900 -0.037718 43.344000 16.656000 1.000000 
70.746000 -0.045000 0.068612 0.746000 -0.002262 29.026000 30.974000 -1.000000 
59.189500 -0.000044 0.162973 -10.810500 0.080480 3.104000 56.896000 1.000000 
80.024400 -0.000886 0.084444 10.024400 -0.009177 25.119000 34.881000 1.000000 
34.533100 -0.000011 0.261917 -35.466900 0.076277 3.208000 56.792000 1.000000 
74.656700 -0.001259 0.071643 4.656700 -0.026739 62.446000 -2.446000 1.000000 
66.222200 -0.045000 0.120750 -3.777800 0.024837 23.966000 36.034000 -1.000000 
60.763400 -0.045000 0.004429 -9.236600 -0.072647 154.591000 -94.591000 -1.000000 
58.526200 -0.000297 0.096530 -11.473800 -0.061831 223.752000 -163.752000 1.000000 
76.664500 -0.045000 0.054858 6.664500 -0.007678 54.060000 5.940000 -1.000000 
73.351100 -0.001208 0.084501 3.351100 -0.067604 60.073000 -0.073000 1.000000 
65.920900 -0.000326 0.080247 -4.079100 -0.017579 60.596000 -0.596000 1.000000 
28.208700 -0.045000 0.335790 -41.791300 0.075289 10.565000 49.435000 -1.000000 
71.084500 -0.000181 0.131441 1.084500 0.054501 3.001000 56.999000 1.000000 
73.005300 -0.000275 0.080103 3.005300 -0.078966 129.395000 -69.395000 1.000000 
70.504000 -0.000118 -0.355287 0.504000 -0.074209 104.808000 -44.808000 1.000000 
71.093500 -0.000200 0.080678 1.093500 -0.091223 125.317000 -65.317000 1.000000 
76.938500 -0.000459 0.109262 6.938500 0.034509 3.966000 56.034000 1.000000 
62.683700 -0.045000 -0.083016 -7.316300 -0.078435 159.061000 -99.061000 -1.000000 
71.601400 -0.001469 -0.027364 1.601400 -0.058194 84.253000 -24.253000 1.000000 
68.041100 -0.000211 0.068134 -1.958900 -0.081753 86.165000 -26.165000 1.000000 
75.000900 -0.000495 0.021745 5.000900 0.007561 67.907000 -7.907000 1.000000 
60.531800 -0.045000 0.092247 -9.468200 -0.093317 146.664000 -86.664000 -1.000000 
73.563400 -0.045000 0.120271 3.563400 0.041612 39.563000 20.437000 -1.000000 
64.334000 -0.045000 0.078298 -5.666000 -0.016914 19.449000 40.551000 -1.000000 
69.687100 -0.001265 0.119685 -0.312900 0.020455 5.104000 54.896000 1.000000 
64.749500 -0.045000 0.146989 -5.250500 0.049378 14.508000 45.492000 -1.000000 
73.566100 -0.001624 0.050568 3.566100 -0.028025 38.678000 21.322000 1.000000 
59.857600 -0.000395 -0.223350 -10.142400 -0.090721 165.429000 -105.429000 1.000000 
65.080100 -0.045000 0.094945 -4.919900 0.034867 42.760000 17.240000 -1.000000 
66.116100 -0.000644 0.127813 -3.883900 0.016810 68.306000 -8.306000 1.000000 
66.183400 -0.000206 0.029328 -3.816600 -0.100848 107.314000 -47.314000 1.000000 
65.922000 -0.045000 0.074106 -4.078000 -0.077718 69.158000 -9.158000 -1.000000 
70.437500 -0.045000 -0.125079 0.437500 -0.030449 102.403000 -42.403000 -1.000000 
66.502000 -0.000601 0.027095 -3.498000 -0.095242 67.793000 -7.793000 1.000000 
70.020100 -0.045000 0.119152 0.020100 0.034588 23.256000 36.744000 -1.000000 
74.563200 -0.000565 0.011802 4.563200 -0.033887 75.136000 -15.136000 1.000000 
78.611600 -0.000669 0.091765 8.611600 -0.050408 77.752000 -17.752000 1.000000 
75.421000 -0.000752 0.118022 5.421000 0.052710 8.235000 51.765000 1.000000 
70.403300 -0.000617 0.092261 0.403300 -0.089936 78.334000 -18.334000 1.000000 
63.486000 -0.001110 0.131642 -6.514000 0.034081 7.103000 52.897000 1.000000 
66.251700 -0.000155 -0.010471 -3.748300 -0.093175 164.789000 -104.789000 1.000000 
70.399000 -0.000514 0.073738 0.399000 0.007774 43.816000 16.184000 1.000000 
65.186600 -0.000326 0.106202 -4.813400 -0.088269 72.559000 -12.559000 1.000000 
52.652100 -0.000116 0.187044 -17.347900 0.077382 2.486000 57.514000 1.000000 
62.529000 -0.000752 0.108337 -7.471000 0.053463 7.812000 52.188000 1.000000 
49.467900 -0.000711 0.193436 -20.532100 0.058264 10.666000 49.334000 1.000000 
73.692900 -0.001745 0.084982 3.692900 -0.044239 110.751000 -50.751000 1.000000 
71.796300 -0.000299 0.111686 1.796300 0.059527 4.755000 55.245000 1.000000 
2.707680 -0.045000 3.805330 -67.292320 -0.084115 -38.015000 98.015000 -1.000000 
44.355200 -0.000173 0.218625 -25.644800 0.076586 4.627000 55.373000 1.000000 
66.709600 -0.000466 -0.269591 -3.290400 -0.055817 82.166000 -22.166000 1.000000 
18.693600 -0.045000 0.497817 -51.306400 0.081758 2.599000 57.401000 -1.000000 
71.544900 -0.001253 0.085654 1.544900 -0.000146 52.271000 7.729000 1.000000 
61.807700 -0.001596 0.076370 -8.192300 -0.044541 121.232000 -61.232000 1.000000 
63.796700 -0.045000 0.137149 -6.203300 0.046302 31.545000 28.455000 -1.000000 
59.353700 -0.000657 0.125507 -10.646300 0.001121 91.052000 -31.052000 1.000000 
71.477000 -0.045000 0.055533 1.477000 -0.044661 43.694000 16.306000 -1.000000 
55.991700 -0.000307 0.075855 -14.008300 -0.080693 220.954000 -160.954000 1.000000 
60.535700 -0.000140 0.137665 -9.464300 0.046737 2.243000 57.757000 1.000000 
67.368000 -0.045000 0.079849 -2.632000 -0.072509 163.404000 -103.404000 -1.000000 
70.384100 -0.000265 0.066170 0.384100 -0.080095 149.515000 -89.515000 1.000000 
64.751000 -0.045000 0.108291 -5.249000 -0.042064 53.729000 6.271000 -1.000000 
72.416100 -0.045000 0.115495 2.416100 0.039167 12.899000 47.101000 -1.000000 
76.050000 -0.000457 0.026480 6.050000 0.024192 4.915000 55.085000 1.000000 
78.396100 -0.000571 0.073378 8.396100 -0.007645 67.867000 -7.867000 1.000000 
67.717000 -0.045000 0.088909 -2.283000 -0.061001 168.258000 -108.258000 -1.000000 
70.005800 -0.045000 0.115767 0.005800 0.023894 28.428000 31.572000 -1.000000 
52.734300 -0.000211 0.186702 -17.265700 0.090407 9.931000 50.069000 1.000000 
69.889300 -0.000458 -0.014126 -0.110700 -0.046192 92.331000 -32.331000 1.000000 
75.764200 -0.000136 0.123395 5.764200 0.027950 3.253000 56.747000 1.000000 
73.840500 -0.001851 0.110538 3.840500 -0.044958 30.891000 29.109000 1.000000 
56.433700 -0.045000 0.095260 -13.566300 -0.082154 147.480000 -87.480000 -1.000000 
60.725900 -0.000418 0.080859 -9.274100 -0.103730 177.508000 -117.508000 1.000000 
65.137600 -0.045000 0.070817 -4.862400 -0.087494 167.866000 -107.866000 -1.000000 
19.750100 -0.045000 -0.077237 -50.249900 0.041170 -27.561000 87.561000 -1.000000 
71.842800 -0.045000 0.066729 1.842800 -0.071406 94.067000 -34.067000 -1.000000 
64.062700 -0.045000 0.140222 -5.937300 0.035154 23.197000 36.803000 -1.000000 
66.463600 -0.000329 0.086707 -3.536400 -0.099476 155.403000 -95.403000 1.000000 
79.067500 -0.018000 0.097656 9.067500 -0.020965 22.022000 37.978000 -1.000000 
38.218400 -0.045000 0.083036 -31.781600 -0.113472 315.043000 -255.043000 -1.000000 
58.320400 -0.045000 0.151708 -11.679600 0.046452 12.688000 47.312000 -1.000000 
46.415400 -0.000473 0.180365 -23.584600 0.068247 2.632000 57.368000 1.000000 
62.430100 -0.000388 0.156048 -7.569900 0.060772 5.311000 54.689000 1.000000 
62.221700 -0.001500 0.013495 -7.778300 -0.031337 134.691000 -74.691000 1.000000 
61.621200 -0.045000 0.075788 -8.378800 -0.087669 150.420000 -90.420000 -1.000000 
65.012800 -0.045000 0.111329 -4.987200 0.026073 18.902000 41.098000 -1.000000 
38.730200 -0.000165 0.249422 -31.269800 0.070950 3.571000 56.429000 1.000000 
75.263000 -0.000879 0.098119 5.263000 -0.052756 55.401000 4.599000 1.000000 
64.007800 -0.045000 0.141930 -5.992200 0.047391 15.682000 44.318000 -1.000000 
74.253100 -0.045000 -0.296452 4.253100 -0.076606 68.370000 -8.370000 -1.000000 
51.062100 -0.000254 0.191381 -18.937900 0.088199 8.175000 51.825000 1.000000 
71.956000 -0.000124 0.132475 1.956000 0.054924 3.234000 56.766000 1.000000 
76.170200 -0.000706 0.106002 6.170200 0.018250 21.267000 38.733000 1.000000 
73.681800 -0.045000 0.017438 3.681800 -0.019640 92.370000 -32.370000 -1.000000 
70.626600 -0.000754 0.107582 0.626600 0.029146 43.707000 16.293000 1.000000 
77.641200 -0.018000 0.075029 7.641200 0.010131 23.060000 36.940000 -1.000000 
58.658600 -0.045000 0.160721 -11.341400 0.066469 7.948000 52.052000 -1.000000 
65.089400 -0.000792 0.094594 -4.910600 0.040914 10.635000 49.365000 1.000000 
74.217200 -0.000272 0.131838 4.217200 0.066585 3.602000 56.398000 1.000000 
68.380300 -0.045000 0.111878 -1.619700 0.031928 12.618000 47.382000 -1.000000 
75.685800 -0.001238 0.097569 5.685800 -0.044262 57.360000 2.640000 1.000000 
76.818500 -0.001031 -0.042509 6.818500 0.015922 9.876000 50.124000 1.000000 
45.331900 -0.000016 0.190345 -24.668100 0.060461 2.869000 57.131000 1.000000 
71.814200 -0.000343 0.072941 1.814200 -0.045499 81.732000 -21.732000 1.000000 
59.927400 -0.045000 0.068999 -10.072600 0.066857 18.089000 41.911000 -1.000000 
23.853500 -0.045000 -0.629494 -46.146500 0.054551 89.213000 -29.213000 -1.000000 
50.979700 -0.000086 -0.148822 -19.020300 -0.108669 219.829000 -159.829000 1.000000 
41.303600 -0.045000 -0.319652 -28.696400 0.034499 46.471000 13.529000 -1.000000 
71.099000 -0.000400 0.079739 1.099000 -0.092173 90.596000 -30.596000 1.000000 
65.480700 -0.045000 0.035059 -4.519300 -0.046901 14.578000 45.422000 -1.000000 
73.762500 -0.001817 0.054795 3.762500 -0.059084 37.750000 22.250000 1.000000 
72.625700 -0.000294 0.032182 2.625700 -0.041111 78.295000 -18.295000 1.000000 
69.131100 -0.000631 0.119051 -0.868900 -0.003805 49.878000 10.122000 1.000000 
71.056900 -0.000490 0.037184 1.056900 -0.085782 131.350000 -71.350000 1.000000 
71.546200 -0.001109 0.081914 1.546200 -0.052093 24.280000 35.720000 1.000000 
70.538700 -0.000122 0.135291 0.538700 0.057564 4.067000 55.933000 1.000000 
67.490100 -0.045000 0.112651 -2.509900 -0.051974 27.802000 32.198000 -1.000000 
75.706300 -0.003611 0.008481 5.706300 -0.062294 31.531000 28.469000 1.000000 
72.556600 -0.045000 0.132064 2.556600 0.032159 15.515000 44.485000 -1.000000 
75.360200 -0.001635 0.108584 5.360200 -0.030399 22.583000 37.417000 1.000000 
64.978100 -0.002096 0.083869 -5.021900 -0.075345 97.013000 -37.013000 1.000000 
70.932500 -0.045000 -0.035907 0.932500 -0.070761 65.691000 -5.691000 -1.000000 
53.161600 -0.000156 0.186171 -16.838400 0.083616 3.384000 56.616000 1.000000 
74.932100 -0.001007 0.038805 4.932100 -0.102893 37.141000 22.859000 1.000000 
74.716300 -0.001053 0.062927 4.716300 0.018006 29.761000 30.239000 1.000000 
57.561400 -0.000032 0.159166 -12.438600 0.071850 2.754000 57.246000 1.000000 
69.386300 -0.045000 0.095602 -0.613700 -0.032476 52.214000 7.786000 -1.000000 
35.481200 -0.000232 0.277628 -34.518800 0.082084 2.574000 57.426000 1.000000 
78.037400 -0.003220 -0.094762 8.037400 -0.020675 10.126000 49.874000 1.000000 
63.678000 -0.001577 0.091135 -6.322000 -0.043308 172.830000 -112.830000 1.000000 
71.987000 -0.000324 0.070151 1.987000 0.001623 59.433000 0.567000 1.000000 
65.948200 -0.000353 0.089886 -4.051800 0.039421 6.539000 53.461000 1.000000 
62.127800 -0.045000 0.104885 -7.872200 -0.035304 131.359000 -71.359000 -1.000000 
35.833000 -0.000178 0.294055 -34.167000 0.089323 8.403000 51.597000 1.000000 
56.651400 -0.045000 0.161690 -13.348600 0.065846 17.066000 42.934000 -1.000000 
68.243700 -0.045000 0.102122 -1.756300 -0.013431 68.356000 -8.356000 -1.000000 
60.591300 -0.000030 0.112728 -9.408700 0.061501 2.196000 57.804000 1.000000 
78.191100 -0.000872 0.100889 8.191100 -0.013984 28.714000 31.286000 1.000000 
72.260400 -0.001252 -0.059771 2.260400 -0.103346 62.900000 -2.900000 1.000000 
65.316800 -0.000889 0.038792 -4.683200 0.040923 8.761000 51.239000 1.000000 
57.933200 -0.000554 0.158417 -12.066800 0.067381 6.544000 53.456000 1.000000 
78.404600 -0.000499 0.057897 8.404600 0.010940 46.001000 13.999000 1.000000 
65.511200 -0.000454 0.125158 -4.488800 0.041792 4.057000 55.943000 1.000000 
60.707800 -0.045000 0.061033 -9.292200 -0.067456 179.908000 -119.908000 -1.000000 
56.904300 -0.000143 0.095112 -13.095700 -0.033289 124.779000 -64.779000 1.000000 
64.952900 -0.001659 0.100923 -5.047100 -0.032207 78.759000 -18.759000 1.000000 
37.781900 -0.045000 0.264087 -32.218100 0.077337 21.841000 38.159000 -1.000000 
57.325600 -0.000752 0.129362 -12.674400 0.052228 8.536000 51.464000 1.000000 
53.582500 -0.000084 0.164105 -16.417500 0.054815 3.362000 56.638000 1.000000 
68.257700 -0.000255 0.138908 -1.742300 0.045799 46.946000 13.054000 1.000000 
81.322400 -0.000233 0.106052 11.322400 0.015267 3.308000 56.692000 1.000000 
75.197000 -0.001602 0.088781 5.197000 -0.097357 44.156000 15.844000 1.000000 
54.760900 -0.000318 0.180487 -15.239100 0.075601 4.956000 55.044000 1.000000 
69.500300 -0.000712 -0.458825 -0.499700 -0.070172 81.098000 -21.098000 1.000000 
56.543500 -0.045000 0.167668 -13.456500 0.057746 29.387000 30.613000 -1.000000 
61.419800 -0.045000 0.047776 -8.580200 -0.078568 110.305000 -50.305000 -1.000000 
76.360300 -0.000611 0.104477 6.360300 0.023657 5.713000 54.287000 1.000000 
74.982100 -0.001692 0.054019 4.982100 -0.052337 53.757000 6.243000 1.000000 
69.225600 -0.000375 0.125945 -0.774400 0.013014 4.659000 55.341000 1.000000 
46.807900 -0.000042 0.215502 -23.192100 0.090361 5.229000 54.771000 1.000000 
62.987200 -0.000867 0.112082 -7.012800 0.051455 10.008000 49.992000 1.000000 
54.819600 -0.000157 0.180422 -15.180400 0.085160 2.860000 57.140000 1.000000 
74.728500 -0.045000 0.099413 4.728500 -0.012972 12.794000 47.206000 -1.000000 
71.743900 -0.000459 0.077447 1.743900 -0.105337 82.057000 -22.057000 1.000000 
68.719800 -0.045000 0.082232 -1.280200 -0.077504 97.141000 -37.141000 -1.000000 
61.753700 -0.000329 0.158532 -8.246300 0.080011 13.552000 46.448000 1.000000 
63.316300 -0.000283 0.089875 -6.683700 -0.074583 147.428000 -87.428000 1.000000 
63.525600 -0.045000 -0.027663 -6.474400 -0.092400 178.811000 -118.811000 -1.000000 
62.759000 -0.000171 0.142855 -7.241000 0.049029 3.704000 56.296000 1.000000 
73.436600 -0.045000 0.092769 3.436600 -0.039689 35.244000 24.756000 -1.000000 
63.537500 -0.000420 0.139948 -6.462500 0.058561 3.905000 56.095000 1.000000 
15.076600 -0.045000 0.579022 -54.923400 0.032636 6.263000 53.737000 -1.000000 
56.801500 -0.000298 0.176549 -13.198500 0.058577 2.745000 57.255000 1.000000 
66.547700 -0.000432 0.115097 -3.452300 0.016196 49.572000 10.428000 1.000000 
64.621000 -0.000428 0.142187 -5.379000 0.067854 4.562000 55.438000 1.000000 
59.901800 -0.000443 0.086960 -10.098200 -0.034575 195.774000 -135.774000 1.000000 
68.061500 -0.001994 0.069048 -1.938500 -0.058615 101.154000 -41.154000 1.000000 
72.053400 -0.045000 0.102506 2.053400 -0.000732 11.459000 48.541000 -1.000000 
58.120400 -0.000240 0.167486 -11.879600 0.059051 4.393000 55.607000 1.000000 
53.061400 -0.045000 -0.772088 -16.938600 -0.063606 216.026000 -156.026000 -1.000000 
67.931700 -0.045000 0.037000 -2.068300 0.017476 13.416000 46.584000 -1.000000 
61.993100 -0.000138 0.152109 -8.006900 0.066461 2.883000 57.117000 1.000000 
73.612000 -0.000123 0.080040 3.612000 -0.001582 60.716000 -0.716000 1.000000 
68.013000 -0.000284 0.083393 -1.987000 -0.094453 85.695000 -25.695000 1.000000 
77.864400 -0.002345 0.006609 7.864400 0.001457 12.116000 47.884000 1.000000 
57.474200 -0.000168 0.034854 -12.525800 -0.070195 237.579000 -177.579000 1.000000 
66.945400 -0.000496 0.089339 -3.054600 -0.024835 67.464000 -7.464000 1.000000 
66.620700 -0.000375 0.068978 -3.379300 -0.092877 120.403000 -60.403000 1.000000 
56.291600 -0.000301 0.141402 -13.708400 0.035155 91.886000 -31.886000 1.000000 
64.562200 -0.045000 0.083049 -5.437800 -0.007807 118.491000 -58.491000 -1.000000 
62.843300 -0.000094 0.001173 -7.156700 -0.067593 124.192000 -64.192000 1.000000 
38.037400 -0.000256 0.269936 -31.962600 0.086544 13.688000 46.312000 1.000000 
53.333800 -0.045000 -0.059233 -16.666200 0.054656 11.962000 48.038000 -1.000000 
78.824700 -0.018000 0.079034 8.824700 0.027172 17.702000 42.298000 -1.000000 
72.148600 -0.045000 -0.037099 2.148600 -0.060465 38.080000 21.920000 -1.000000 
57.035700 -0.045000 0.110595 -12.964300 0.040426 18.317000 41.683000 -1.000000 
65.093400 -0.045000 0.099569 -4.906600 0.021924 24.319000 35.681000 -1.000000 
61.728800 -0.001170 -0.115687 -8.271200 0.029648 9.813000 50.187000 1.000000 
68.617100 -0.000251 0.105164 -1.382900 -0.026134 84.610000 -24.610000 1.000000 
65.101000 -0.045000 0.089661 -4.899000 -0.064843 136.751000 -76.751000 -1.000000 
47.504000 -0.000206 0.210432 -22.496000 0.075864 3.975000 56.025000 1.000000 
32.381300 -0.045000 0.258787 -37.618700 0.045512 45.650000 14.350000 -1.000000 
64.977300 -0.000444 0.035690 -5.022700 -0.099716 149.182000 -89.182000 1.000000 
62.564800 -0.000237 0.008554 -7.435200 -0.099305 211.500000 -151.500000 1.000000 
65.090900 -0.000334 0.124553 -4.909100 0.018247 84.981000 -24.981000 1.000000 
53.217800 -0.000307 0.188026 -16.782200 0.069188 4.143000 55.857000 1.000000 
70.915800 -0.000310 0.054714 0.915800 0.036603 4.384000 55.616000 1.000000 
71.367700 -0.045000 0.097572 1.367700 0.008259 35.265000 24.735000 -1.000000 
41.119900 -0.045000 0.218235 -28.880100 0.075688 4.613000 55.387000 -1.000000 
72.751900 -0.001319 0.108384 2.751900 -0.032094 94.867000 -34.867000 1.000000 
78.636300 -0.001125 0.097710 8.636300 -0.019262 52.372000 7.628000 1.000000 
73.678000 -0.045000 0.080135 3.678000 -0.015111 101.026000 -41.026000 -1.000000 
64.441800 -0.002045 0.039723 -5.558200 -0.065673 94.924000 -34.924000 1.000000 
79.159000 -0.002218 0.103434 9.159000 -0.003709 27.013000 32.987000 1.000000 
60.092700 -0.000340 0.160968 -9.907300 0.051412 3.860000 56.140000 1.000000 
59.245000 -0.045000 -2.242030 -10.755000 -0.428893 29.683000 30.317000 -1.000000 
69.636300 -0.045000 0.100113 -0.363700 -0.073857 115.016000 -55.016000 -1.000000 
45.473200 -0.000145 0.218933 -24.526800 0.068255 2.414000 57.586000 1.000000 
72.064800 -0.000568 0.133074 2.064800 0.069684 11.063000 48.937000 1.000000 
71.747900 -0.000509 0.082951 1.747900 -0.003621 80.583000 -20.583000 1.000000 
73.639800 -0.002171 0.087486 3.639800 -0.034732 5.803000 54.197000 1.000000 
72.089500 -0.001528 0.116155 2.089500 -0.030450 18.754000 41.246000 1.000000 
33.921300 -0.045000 0.174433 -36.078700 0.076680 30.323000 29.677000 -1.000000 
31.822000 -0.000077 0.317267 -38.178000 0.078933 4.477000 55.523000 1.000000 
30.182900 -0.000307 0.347512 -39.817100 0.080762 13.435000 46.565000 1.000000 
77.591400 -0.000594 0.070163 7.591400 -0.030999 72.764000 -12.764000 1.000000 
37.233600 -0.045000 0.275971 -32.766400 0.081829 16.967000 43.033000 -1.000000 
69.360300 -0.000644 0.081369 -0.639700 -0.104313 64.314000 -4.314000 1.000000 
72.769300 -0.000166 -0.568257 2.769300 -0.101524 62.552000 -2.552000 1.000000 
73.008200 -0.001031 -0.090785 3.008200 -0.091481 53.202000 6.798000 1.000000 
67.454600 -0.000501 -0.515770 -2.545400 -0.103067 88.237000 -28.237000 1.000000 
71.781000 -0.045000 0.041541 1.781000 -0.049714 14.472000 45.528000 -1.000000 
70.592000 -0.045000 0.128595 0.592000 0.045992 24.449000 35.551000 -1.000000 
18.516900 -0.045000 -1.282640 -51.483100 -0.272978 1.764000 58.236000 -1.000000 
43.672000 -0.000176 0.232535 -26.328000 0.067636 3.778000 56.222000 1.000000 
74.467000 -0.000857 0.110066 4.467000 0.039148 8.598000 51.402000 1.000000 
62.811200 -0.000337 0.081933 -7.188800 -0.078668 173.093000 -113.093000 1.000000 
75.551200 -0.001664 0.016188 5.551200 -0.035744 26.059000 33.941000 1.000000 
58.899300 -0.000226 0.070045 -11.100700 -0.106043 178.569000 -118.569000 1.000000 
46.476100 -0.000040 0.203236 -23.523900 0.088017 2.945000 57.055000 1.000000 
53.960300 -0.000292 0.184574 -16.039700 0.066280 4.556000 55.444000 1.000000 
70.558500 -0.000493 0.136231 0.558500 0.064274 5.996000 54.004000 1.000000 
315.039000 -0.045000 -0.078528 245.039000 0.044941 13.202000 46.798000 -1.000000 
66.391200 -0.045000 0.100310 -3.608800 -0.006489 24.766000 35.234000 -1.000000 
72.722400 -0.000137 0.126451 2.722400 0.076429 3.632000 56.368000 1.000000 
68.978300 -0.000364 0.101692 -1.021700 -0.002415 75.323000 -15.323000 1.000000 
-8.203410 -0.045000 -2.633900 -78.203410 0.020951 96.301000 -36.301000 -1.000000 
72.085900 -0.001214 0.081707 2.085900 0.012982 6.642000 53.358000 1.000000 
53.984600 -0.000059 0.175683 -16.015400 0.077974 3.323000 56.677000 1.000000 
64.336400 -0.000471 0.076883 -5.663600 -0.046467 119.814000 -59.814000 1.000000 
