0.500000 0.500000 0.500000 0.500000 0.500000 0.500000 0.500000 0.500000 0.500000 0.500000 0.500000 0.500000 0.312500 0.312500 0.312500 0.312500 0.312500 0.312500 0.312500 0.312500 0.312500 0.312500 0.312500 0.312500 0.885714 0.885714 0.885714 0.885714 0.031250 0.000000 0.107143 0.625000 
0.500000 0.500000 0.500000 0.500000 0.500000 0.500000 0.500000 0.500000 0.500000 0.500000 0.500000 0.500000 0.000000 0.000000 0.000000 0.000000 0.000000 0.000000 0.000000 0.000000 0.000000 0.000000 0.000000 0.000000 0.885714 0.885714 0.885714 0.885714 0.031250 0.000000 0.285714 0.625000 
0.500000 0.500000 0.500000 0.500000 0.500000 0.500000 0.500000 0.500000 0.500000 0.500000 0.500000 0.500000 0.312500 0.312500 0.312500 0.312500 0.312500 0.312500 0.312500 0.312500 0.312500 0.312500 0.312500 0.312500 0.885714 0.885714 0.885714 0.885714 0.031250 0.057143 0.214286 0.625000 
0.500000 0.500000 0.500000 0.500000 0.500000 0.500000 0.500000 0.500000 0.500000 0.500000 0.500000 0.500000 0.000000 0.000000 0.000000 0.000000 0.000000 0.000000 0.000000 0.000000 0.000000 0.000000 0.000000 0.000000 0.885714 0.885714 0.885714 0.885714 0.352679 0.000000 0.328571 0.625000 
0.500000 0.500000 0.500000 0.500000 0.500000 0.500000 0.500000 0.500000 0.500000 0.500000 0.500000 0.500000 0.312500 0.312500 0.312500 0.312500 0.312500 0.312500 0.312500 0.312500 0.312500 0.312500 0.312500 0.312500 0.885714 0.885714 0.885714 0.885714 0.687500 0.342857 0.642857 0.625000 
0.500000 0.500000 0.500000 0.500000 0.500000 0.500000 0.500000 0.500000 0.500000 0.500000 0.500000 0.500000 0.500000 0.500000 0.500000 0.500000 0.500000 0.500000 0.500000 0.500000 0.500000 0.500000 0.500000 0.500000 0.885714 0.885714 0.885714 0.885714 0.285714 0.285714 0.285714 0.312500 
0.500000 0.500000 0.500000 0.500000 0.500000 0.500000 0.500000 0.500000 0.500000 0.500000 0.500000 0.500000 0.500000 0.500000 0.500000 0.500000 0.500000 0.500000 0.500000 0.500000 0.500000 0.500000 0.500000 0.500000 0.885714 0.885714 0.885714 0.885714 0.285714 0.142857 0.214286 0.312500 
0.500000 0.500000 0.500000 0.500000 0.500000 0.500000 0.500000 0.500000 0.500000 0.500000 0.500000 0.500000 0.500000 0.500000 0.500000 0.500000 0.500000 0.500000 0.500000 0.500000 0.500000 0.500000 0.500000 0.500000 0.885714 0.885714 0.885714 0.885714 0.285714 0.142857 0.142857 0.312500 
0.500000 0.500000 0.500000 0.500000 0.500000 0.500000 0.500000 0.500000 0.500000 0.500000 0.500000 0.500000 0.500000 0.500000 0.500000 0.500000 0.500000 0.500000 0.500000 0.500000 0.500000 0.500000 0.500000 0.500000 0.885714 0.885714 0.885714 0.885714 0.218750 0.000000 0.142857 0.312500 
0.500000 0.500000 0.500000 0.500000 0.500000 0.500000 0.500000 0.500000 0.500000 0.500000 0.500000 0.500000 0.250000 0.250000 0.250000 0.250000 0.250000 0.250000 0.250000 0.250000 0.250000 0.250000 0.250000 0.250000 0.314286 0.314286 0.314286 0.314286 0.441964 0.114286 0.357143 0.562500 
0.500000 0.500000 0.500000 0.500000 0.500000 0.500000 0.500000 0.500000 0.500000 0.500000 0.500000 0.500000 0.500000 0.500000 0.500000 0.500000 0.500000 0.500000 0.500000 0.500000 0.500000 0.500000 0.500000 0.500000 0.314286 0.314286 0.314286 0.314286 0.218750 0.171429 0.357143 0.562500 
0.500000 0.500000 0.500000 0.500000 0.500000 0.500000 0.500000 0.500000 0.500000 0.500000 0.500000 0.500000 0.500000 0.500000 0.500000 0.500000 0.500000 0.500000 0.500000 0.500000 0.500000 0.500000 0.500000 0.500000 0.600000 0.600000 0.600000 0.600000 0.218750 0.142857 0.321429 0.375000 
0.500000 0.500000 0.500000 0.500000 0.500000 0.500000 0.500000 0.500000 0.500000 0.500000 0.500000 0.500000 0.750000 0.750000 0.750000 0.750000 0.750000 0.750000 0.750000 0.750000 0.750000 0.750000 0.750000 0.750000 0.600000 0.600000 0.600000 0.600000 0.174107 0.028571 0.307143 0.500000 
0.500000 0.500000 0.500000 0.500000 0.500000 0.500000 0.500000 0.500000 0.500000 0.500000 0.500000 0.500000 0.500000 0.500000 0.500000 0.500000 0.500000 0.500000 0.500000 0.500000 0.500000 0.500000 0.500000 0.500000 0.771429 0.771429 0.771429 0.771429 0.285714 0.057143 0.271429 0.437500 
0.500000 0.500000 0.500000 0.500000 0.500000 0.500000 0.500000 0.500000 0.500000 0.500000 0.500000 0.500000 0.750000 0.750000 0.750000 0.750000 0.750000 0.750000 0.750000 0.750000 0.750000 0.750000 0.750000 0.750000 0.771429 0.771429 0.771429 0.771429 0.687500 0.542857 0.250000 0.437500 
0.500000 0.500000 0.500000 0.500000 0.500000 0.500000 0.500000 0.500000 0.500000 0.500000 0.500000 0.500000 0.750000 0.750000 0.750000 0.750000 0.750000 0.750000 0.750000 0.750000 0.750000 0.750000 0.750000 0.750000 0.771429 0.771429 0.771429 0.771429 0.687500 0.428571 0.464286 0.312500 
0.500000 0.500000 0.500000 0.500000 0.500000 0.500000 0.500000 0.500000 0.500000 0.500000 0.500000 0.500000 0.500000 0.500000 0.500000 0.500000 0.500000 0.500000 0.500000 0.500000 0.500000 0.500000 0.500000 0.500000 0.314286 0.314286 0.314286 0.314286 0.441964 0.200000 0.500000 0.375000 
0.500000 0.500000 0.500000 0.500000 0.500000 0.500000 0.500000 0.500000 0.500000 0.500000 0.500000 0.500000 0.250000 0.250000 0.250000 0.250000 0.250000 0.250000 0.250000 0.250000 0.250000 0.250000 0.250000 0.250000 0.428571 0.428571 0.428571 0.428571 0.122768 0.028571 0.214286 0.250000 
0.500000 0.500000 0.500000 0.500000 0.500000 0.500000 0.500000 0.500000 0.500000 0.500000 0.500000 0.500000 0.250000 0.250000 0.250000 0.250000 0.250000 0.250000 0.250000 0.250000 0.250000 0.250000 0.250000 0.250000 0.120000 0.120000 0.120000 0.120000 0.122768 0.200000 0.214286 0.812500 
0.500000 0.500000 0.500000 0.500000 0.500000 0.500000 0.500000 0.500000 0.500000 0.500000 0.500000 0.500000 0.250000 0.250000 0.250000 0.250000 0.250000 0.250000 0.250000 0.250000 0.250000 0.250000 0.250000 0.250000 0.211429 0.211429 0.211429 0.211429 0.089286 0.057143 0.214286 0.687500 
0.500000 0.500000 0.500000 0.500000 0.500000 0.500000 0.500000 0.500000 0.500000 0.500000 0.500000 0.500000 0.125000 0.125000 0.125000 0.125000 0.125000 0.125000 0.125000 0.125000 0.125000 0.125000 0.125000 0.125000 0.062857 0.062857 0.062857 0.062857 0.024554 0.000000 0.178571 0.500000 
0.500000 0.500000 0.500000 0.500000 0.500000 0.500000 0.500000 0.500000 0.500000 0.500000 0.500000 0.500000 0.125000 0.125000 0.125000 0.125000 0.125000 0.125000 0.125000 0.125000 0.125000 0.125000 0.125000 0.125000 0.120000 0.120000 0.120000 0.120000 0.040179 0.000000 0.214286 0.375000 
0.500000 0.500000 0.500000 0.500000 0.500000 0.500000 0.500000 0.500000 0.500000 0.500000 0.500000 0.500000 0.187500 0.187500 0.187500 0.187500 0.187500 0.187500 0.187500 0.187500 0.187500 0.187500 0.187500 0.187500 0.211429 0.211429 0.211429 0.211429 0.102679 0.057143 0.392857 0.375000 
0.500000 0.500000 0.500000 0.500000 0.500000 0.500000 0.500000 0.500000 0.500000 0.500000 0.500000 0.500000 0.187500 0.187500 0.187500 0.187500 0.187500 0.187500 0.187500 0.187500 0.187500 0.187500 0.187500 0.187500 0.211429 0.211429 0.211429 0.211429 0.151786 0.000000 0.214286 0.250000 
0.500000 0.500000 0.500000 0.500000 0.500000 0.500000 0.500000 0.500000 0.500000 0.500000 0.500000 0.500000 0.312500 0.312500 0.312500 0.312500 0.312500 0.312500 0.312500 0.312500 0.312500 0.312500 0.312500 0.312500 0.280000 0.280000 0.280000 0.280000 0.174107 0.057143 0.250000 0.250000 
0.500000 0.500000 0.500000 0.500000 0.500000 0.500000 0.500000 0.500000 0.500000 0.500000 0.500000 0.500000 0.312500 0.312500 0.312500 0.312500 0.312500 0.312500 0.312500 0.312500 0.312500 0.312500 0.312500 0.312500 0.280000 0.280000 0.280000 0.280000 0.174107 0.028571 0.214286 0.250000 
0.500000 0.500000 0.500000 0.500000 0.500000 0.500000 0.500000 0.500000 0.500000 0.500000 0.500000 0.500000 0.062500 0.062500 0.062500 0.062500 0.062500 0.062500 0.062500 0.062500 0.062500 0.062500 0.062500 0.062500 0.314286 0.314286 0.314286 0.314286 0.352679 0.085714 0.321429 0.375000 
0.500000 0.500000 0.500000 0.500000 0.500000 0.500000 0.500000 0.500000 0.500000 0.500000 0.500000 0.500000 0.062500 0.062500 0.062500 0.062500 0.062500 0.062500 0.062500 0.062500 0.062500 0.062500 0.062500 0.062500 0.314286 0.314286 0.314286 0.314286 0.352679 0.171429 0.357143 0.500000 
0.500000 0.500000 0.500000 0.500000 0.500000 0.500000 0.500000 0.500000 0.500000 0.500000 0.500000 0.500000 0.500000 0.500000 0.500000 0.500000 0.500000 0.500000 0.500000 0.500000 0.500000 0.500000 0.500000 0.500000 0.428571 0.428571 0.428571 0.428571 0.441964 0.114286 0.285714 0.250000 
0.500000 0.500000 0.500000 0.500000 0.500000 0.500000 0.500000 0.500000 0.500000 0.500000 0.500000 0.500000 0.625000 0.625000 0.625000 0.625000 0.625000 0.625000 0.625000 0.625000 0.625000 0.625000 0.625000 0.625000 0.714286 0.714286 0.714286 0.714286 0.285714 0.028571 0.250000 0.500000 
0.500000 0.500000 0.500000 0.500000 0.500000 0.500000 0.500000 0.500000 0.500000 0.500000 0.500000 0.500000 0.625000 0.625000 0.625000 0.625000 0.625000 0.625000 0.625000 0.625000 0.625000 0.625000 0.625000 0.625000 1.000000 1.000000 1.000000 1.000000 0.133929 0.057143 0.107143 0.437500 
0.500000 0.500000 0.500000 0.500000 0.500000 0.500000 0.500000 0.500000 0.500000 0.500000 0.500000 0.500000 0.250000 0.250000 0.250000 0.250000 0.250000 0.250000 0.250000 0.250000 0.250000 0.250000 0.250000 0.250000 0.062857 0.062857 0.062857 0.062857 0.133929 0.085714 0.214286 0.437500 
