-0.019753 57.923600 -0.000117 -0.132393 0.738000 0.102435 5.738000 54.262000 1.000000 
-0.065395 75.376800 -0.000246 -0.143855 -38.883000 0.004864 53.883000 6.117000 1.000000 
-0.037138 68.071200 -0.000245 -0.132613 1.742000 0.016657 6.742000 53.258000 1.000000 
-0.072962 75.138200 -0.000198 -0.144344 -40.768000 0.102003 55.768000 4.232000 1.000000 
-0.134532 76.949800 -0.000504 -0.140403 -25.210000 0.100453 40.210000 19.790000 1.000000 
-0.044365 64.531000 -0.000045 -0.137512 -1.767000 0.141008 3.233000 56.767000 1.000000 
-0.036016 61.261700 -0.000132 -0.137510 -1.775000 0.152249 3.225000 56.775000 1.000000 
-0.026212 51.266100 -0.000081 -0.137451 -2.026000 0.184065 2.974000 57.026000 1.000000 
-0.026803 51.352700 -0.000106 -0.137438 -2.082000 0.174004 2.918000 57.082000 1.000000 
-0.080540 74.203100 -0.000270 -0.070411 -21.903000 0.099791 36.903000 23.097000 1.000000 
-0.082394 69.688500 -0.000389 -0.069709 -16.189000 0.088096 31.189000 28.811000 1.000000 
-0.051626 66.710400 -0.000304 -0.102642 0.443000 0.111182 5.443000 54.557000 1.000000 
-0.054850 61.199100 -0.000296 -0.101117 1.627000 0.087405 6.627000 53.373000 1.000000 
-0.041559 65.399400 -0.000158 -0.121963 -0.342000 0.135349 4.658000 55.342000 1.000000 
-0.041254 55.177900 -0.000213 -0.121802 -1.124000 0.169264 3.876000 56.124000 1.000000 
-0.068158 66.667300 -0.000437 -0.124092 -0.217000 0.134089 4.783000 55.217000 1.000000 
-0.112984 70.558900 -0.000274 -0.073785 -32.886000 0.092086 47.886000 12.114000 1.000000 
-0.035986 67.008600 -0.000043 -0.083341 -0.946000 0.119834 4.054000 55.946000 1.000000 
-0.054818 72.180600 -0.000216 -0.046152 -37.983000 0.079829 52.983000 7.017000 1.000000 
-0.053551 72.365800 -0.000274 -0.056095 -15.276000 0.070296 30.276000 29.724000 1.000000 
-0.047273 71.635200 -0.000155 -0.039939 -24.144000 0.023657 39.144000 20.856000 1.000000 
-0.054083 72.706800 -0.000271 -0.046945 -12.639000 0.031539 27.639000 32.361000 1.000000 
-0.088438 73.497100 -0.000160 -0.060543 -33.237000 0.025002 48.237000 11.763000 1.000000 
-0.040893 69.050100 -0.000230 -0.057199 1.565000 0.091355 6.565000 53.435000 1.000000 
-0.045111 67.048500 -0.000243 -0.065504 0.993000 0.101075 5.993000 54.007000 1.000000 
-0.038529 64.894000 -0.000103 -0.065368 -0.205000 0.122439 4.795000 55.205000 1.000000 
-0.072844 74.477500 -0.000373 -0.072057 -19.884000 0.097948 34.884000 25.116000 1.000000 
-0.078459 74.634600 -0.000274 -0.072711 -34.879000 0.096603 49.879000 10.121000 1.000000 
-0.047370 64.222300 -0.000138 -0.083377 -0.699000 0.143404 4.301000 55.699000 1.000000 
-0.041638 60.765200 -0.000192 -0.114323 0.194000 0.140633 5.194000 54.806000 1.000000 
-0.022386 46.303300 -0.000065 -0.148818 -1.326000 0.206886 3.674000 56.326000 1.000000 
-0.057151 71.957300 -0.000247 -0.040081 -21.131000 0.065960 36.131000 23.869000 1.000000 
